-0.372483192214 0.0397022486165 0.0650393402332 -0.107035863625 -0.147065242923 0.398512498053
-0.371867412666 0.0382864111303 0.0595230778268 -0.109264397723 -0.145757110372 0.398277657291
-0.375968899028 0.037796684193 0.0563099155319 -0.110723652538 -0.143564665918 0.398696420768
-0.374962775299 0.0371441007494 0.0537027363896 -0.111446451962 -0.142338499164 0.398744052375
-0.376974599597 0.0353370345769 0.0493046797868 -0.113345130952 -0.140437989539 0.398542975452
-0.374674500049 0.0352143930876 0.0432240534552 -0.115310171597 -0.139413622374 0.397752610514
-0.372379770818 0.0340040622947 0.0376700565861 -0.116898263532 -0.138429647983 0.396868923415
-0.372492318134 0.0344829698149 0.0337308669686 -0.118094602603 -0.137003913917 0.396557999547
-0.374678373146 0.0328929580657 0.027807192869 -0.119730895036 -0.134069010391 0.397046244766
-0.375013361983 0.0336035477695 0.0240725440632 -0.120509005118 -0.131730265422 0.397353760993
-0.37617198478 0.0316417663419 0.0172621168693 -0.122531102988 -0.128506119937 0.397513072386
-0.372989709002 0.0313567386147 0.0122821831697 -0.123749619452 -0.127106733523 0.396696645492
-0.372864310481 0.0294916428241 0.00514736354848 -0.125931709951 -0.124236947246 0.395891842445
-0.371379054241 0.0258899646647 -0.000513186036105 -0.128564074554 -0.121878932214 0.394357735943
-0.365753536195 0.0250091420313 -0.00609811303661 -0.130235727427 -0.120899498096 0.392491033027
-0.361246480735 0.0215138285869 -0.0098641356588 -0.132005495455 -0.119834976152 0.390443379326
-0.3574035637 0.0163523034885 -0.0136413297138 -0.134545667128 -0.118519195225 0.388303612216
-0.356012938211 0.0138103001197 -0.0178128485618 -0.136498887938 -0.116572890868 0.386786303632
-0.351059288981 0.0114652443987 -0.0242360023199 -0.138806099369 -0.115660470928 0.384983008276
-0.34804887389 0.00978284451748 -0.0310612803257 -0.141145471368 -0.11366682483 0.383955579111
-0.34758040929 0.00616063147765 -0.035865917408 -0.14309626086 -0.111465823831 0.38320306083
-0.346449228214 0.00565958412345 -0.0399264307579 -0.144566520221 -0.109985560755 0.382697083221
-0.344525945088 0.00554561880097 -0.0455729928944 -0.146064320467 -0.10832304934 0.382211049479
-0.344647507833 0.00602304190618 -0.0507602293673 -0.147885259853 -0.105958362319 0.382513601624
-0.344738990549 0.00442023616565 -0.0564989590047 -0.150496950274 -0.10413454127 0.382426342517
-0.344134862368 0.00182371928177 -0.0619913927047 -0.152840569692 -0.102315268802 0.382138173053
-0.344326256944 0.000202469103493 -0.067961700209 -0.155935899829 -0.100384801203 0.382018122418
-0.340351948691 -0.000511653515026 -0.0738824645879 -0.15866307396 -0.10000596953 0.381436506094
-0.338992778523 -0.00175266825382 -0.0806799471846 -0.162273480264 -0.0985066517497 0.381357958504
-0.339873074062 -0.00481767004947 -0.0884519744427 -0.166752976095 -0.0969060038584 0.381193707208
-0.339257645056 -0.00544072235713 -0.0935894522873 -0.169836907529 -0.0965173174421 0.3809961131
-0.339205161465 -0.00944075716824 -0.0985956371627 -0.173903304256 -0.0963692445011 0.380416497237
-0.338998200125 -0.0130627653516 -0.10349301467 -0.178202833446 -0.0971469399667 0.379686915807
-0.339612010242 -0.0166944548253 -0.107565800073 -0.181736292477 -0.0983368200368 0.378653064248
-0.337421363946 -0.0186412601013 -0.113250270957 -0.18589936103 -0.0992282200686 0.377773162897
-0.337010715382 -0.0202225029676 -0.117448675361 -0.189570986972 -0.100333788104 0.377361910146
-0.338987676187 -0.0230584308701 -0.121677314475 -0.193014113642 -0.101319513006 0.376832720804
-0.339033443745 -0.0266201168431 -0.124838129903 -0.1964812605 -0.102592538618 0.376047937847
-0.338300068102 -0.0287426757064 -0.126997049863 -0.199150128201 -0.104934604301 0.375342728852
-0.337620998017 -0.0321671251957 -0.12918708053 -0.202125789686 -0.106959036975 0.374391749009
-0.339772922805 -0.0382772205124 -0.130631965989 -0.205457220639 -0.108754741395 0.372888266005
-0.336357550127 -0.0448523957094 -0.133266145215 -0.208183457638 -0.112220260292 0.37087175973
-0.335851877983 -0.0483612633001 -0.132743331443 -0.210313034978 -0.115373533298 0.369999149096
-0.33928432126 -0.0530300628177 -0.133564385114 -0.21177852338 -0.117693790146 0.369556929989
-0.338689678297 -0.056807506461 -0.130913966807 -0.212302195217 -0.121423177279 0.369186860191
-0.329982245421 -0.0573372132505 -0.127248801299 -0.211440930151 -0.127614113677 0.367956970626
-0.329097862322 -0.055248185595 -0.128280936248 -0.211491158618 -0.131196115038 0.368465117257
-0.331095971381 -0.0563278565775 -0.129836082674 -0.211477501265 -0.133513051812 0.369475448913
-0.329701466021 -0.0550880490087 -0.126331468068 -0.20952897091 -0.137573590323 0.369879118737
-0.328329851999 -0.0599762586846 -0.122936275768 -0.20837186569 -0.14171427168 0.368749909963
-0.329315277411 -0.0631881338925 -0.119526494482 -0.206873424717 -0.145144067175 0.368225207685
-0.326004204644 -0.063651965031 -0.113028318878 -0.204060907661 -0.149509358964 0.367691099948
-0.327911099945 -0.0700634209524 -0.110877583367 -0.202282745063 -0.152468613121 0.366452270294
-0.32543494294 -0.0705545709536 -0.106957357351 -0.199964770677 -0.155741072199 0.36591090072
-0.3243386521 -0.0709823223543 -0.104481554098 -0.196764338177 -0.158547621498 0.365715611094
-0.326842605551 -0.0719333615536 -0.101292830561 -0.194344360676 -0.159766213544 0.366380648671
-0.32748094152 -0.0746859612663 -0.0992537780296 -0.191684500092 -0.161509640822 0.366328427686
-0.326309816084 -0.0766869998289 -0.0973698411991 -0.189049531997 -0.1632178705 0.365695125948
-0.324530863367 -0.076866277948 -0.0951413758139 -0.186624782596 -0.165099575666 0.364579845637
-0.321500609578 -0.0786468857362 -0.0934449671172 -0.183759843807 -0.166415426012 0.363431992682
-0.320427085199 -0.0797440419889 -0.091710717313 -0.181364433929 -0.167632415853 0.3627165604
-0.319315032397 -0.0810414092341 -0.0897217081772 -0.178578667627 -0.168480982695 0.362070170433
-0.317999291572 -0.0810574058478 -0.0875952739209 -0.175225481421 -0.169654334371 0.361825753182
-0.31564261053 -0.0820659512825 -0.0846283552083 -0.17209319806 -0.170364690126 0.361585965738
-0.316343260548 -0.0794498196024 -0.08319181327 -0.168742606028 -0.17057501705 0.362076179564
-0.313607173525 -0.0776576811967 -0.0798902575991 -0.165169563736 -0.17124653058 0.361937033333
-0.311039240837 -0.0777400538184 -0.0783629524479 -0.161976195529 -0.171746039596 0.361273272596
-0.30951639216 -0.0778305117921 -0.0769800837744 -0.158918652396 -0.171587372243 0.360562779949
-0.302939127307 -0.0774940189085 -0.0754080657622 -0.155177846312 -0.173060004066 0.358206332933
-0.300062098135 -0.077937993058 -0.0745081611334 -0.153002520453 -0.172616750569 0.356987658808
-0.298862741654 -0.0753456816951 -0.0727100161265 -0.150163143823 -0.172503259586 0.355825326647
-0.300131225823 -0.0779970729786 -0.0713285890519 -0.148253664286 -0.170168436728 0.354781524541
-0.297442021001 -0.0778539763679 -0.0699318716504 -0.146424773602 -0.16943569845 0.353131262107
-0.29537798741 -0.0795376606594 -0.0703515462211 -0.145152498358 -0.167961760744 0.351794800599
-0.293057449364 -0.0773079772915 -0.0697778182478 -0.143770686138 -0.166514986736 0.350886832225
-0.29237499315 -0.0785393958205 -0.0667702784706 -0.142158233831 -0.163857654447 0.350197318411
-0.290453417735 -0.0743041806089 -0.0623588572634 -0.138800015442 -0.161656573141 0.350405325514
-0.293925423746 -0.0744663904009 -0.0613012622773 -0.137014483352 -0.157415365377 0.351006108007
-0.296054643234 -0.075516986697 -0.0606865893315 -0.136477350356 -0.153239900574 0.351270211271
-0.300834085022 -0.0728151000586 -0.0561681658602 -0.133990300152 -0.148344912863 0.352669813721
-0.302155028249 -0.0648655221085 -0.0525780727319 -0.13135237949 -0.143975267917 0.354366262949
-0.305460081059 -0.0612586609169 -0.055344056069 -0.132349977449 -0.138028556475 0.355920320787
-0.307026585103 -0.0618911573713 -0.0606523636517 -0.134632323292 -0.132951112753 0.35647745382
-0.308495344634 -0.0590674968985 -0.0614171877922 -0.135303948765 -0.127924156699 0.357831786711
-0.314811400937 -0.0596288675925 -0.0645818341231 -0.137778222661 -0.121118780544 0.359661911142
-0.318510344035 -0.05908669098 -0.0703413490002 -0.140781264957 -0.114591214582 0.361316364546
-0.321538890165 -0.0514110681114 -0.0738438339587 -0.141594552422 -0.109675431473 0.363261058077
-0.326875549011 -0.0504786523713 -0.080414045306 -0.145475097798 -0.103016814165 0.365420236932
-0.33018214254 -0.0506844630233 -0.0892732243996 -0.150209225462 -0.0969902004612 0.366688696727
-0.329028632891 -0.0449291336225 -0.096838945923 -0.153716349723 -0.0938523293436 0.367970191247
-0.330974850893 -0.0478417562102 -0.107314332167 -0.159604963116 -0.088845743681 0.368934883113
-0.332317521236 -0.0473615035523 -0.117615682745 -0.165583409537 -0.0846027303981 0.370521953599
-0.335281672187 -0.0449779563117 -0.125386331086 -0.170309417988 -0.0806617355623 0.372241404945
-0.337607758351 -0.0450469819392 -0.13594251843 -0.176789573622 -0.0764805879792 0.373608146973
-0.338454077396 -0.046035488644 -0.146119340737 -0.183085774569 -0.0722971804729 0.374245303146
-0.33195053493 -0.0440071510317 -0.154060538698 -0.187883613679 -0.0708382307628 0.374781340756
-0.33305276987 -0.0431415557737 -0.163238533265 -0.194330332943 -0.0674907097765 0.375707142629
-0.330814077704 -0.0451520044538 -0.172111411524 -0.200772161527 -0.0647183863062 0.375901551478
-0.333733637899 -0.0402548992687 -0.180074604153 -0.20592551054 -0.0632586056178 0.377579372213
-0.334423423691 -0.0424832440367 -0.189187389392 -0.212854155889 -0.0622563763445 0.378198543942
-0.337290015457 -0.0444736181789 -0.195175898939 -0.218357597993 -0.061291526649 0.379513476772
-0.342437714753 -0.041873016763 -0.197824210484 -0.221674946213 -0.0617808590789 0.382196566413
-0.348287978887 -0.0384683373395 -0.200075899478 -0.225249049895 -0.0616334087054 0.384663042028
-0.354619294801 -0.0376806553597 -0.200536221671 -0.227096904215 -0.0629801287376 0.387124301194
-0.358957310461 -0.0354417271532 -0.200260969689 -0.229322645047 -0.0655854404467 0.389074728392
-0.368359071399 -0.033026725085 -0.201920907894 -0.231039959774 -0.0677310747587 0.391357490225
-0.372920644273 -0.035515395419 -0.201820168585 -0.23279343922 -0.071969156685 0.391986207853
-0.382792213931 -0.0369182165911 -0.198745704325 -0.233855686212 -0.0757056496352 0.393018081171
-0.390784950308 -0.0457722454768 -0.19967254174 -0.23668772206 -0.0792897062725 0.392938298946
-0.395299625554 -0.0495618983114 -0.1954703604 -0.236776440026 -0.0851447929508 0.392797181976
-0.398972590817 -0.0587608719709 -0.192400091068 -0.237779594245 -0.091152695746 0.391609462867
-0.401206041345 -0.0636133589405 -0.187188671635 -0.236457266013 -0.0983037596399 0.391263819287
-0.407878377909 -0.0675257207669 -0.181321105627 -0.235876845077 -0.103234112753 0.391862500746
-0.412254274601 -0.074979519156 -0.177769488727 -0.234890101267 -0.108632465623 0.391684311019
-0.417531832029 -0.0805266424071 -0.173993339574 -0.233691017439 -0.113001910497 0.391894104078
-0.42853349392 -0.0897568971084 -0.173879566628 -0.233681209272 -0.115523467199 0.391927830518
-0.432534125905 -0.0955942553143 -0.171556846294 -0.232253954692 -0.119916098802 0.391755660483
-0.440226488959 -0.101092897126 -0.171636529582 -0.230959032263 -0.122666036343 0.392243919516
-0.44998987754 -0.107632475909 -0.173147445074 -0.230210780645 -0.123962749085 0.392560035766
-0.457981200503 -0.115331668136 -0.174255844062 -0.229358632442 -0.124375938195 0.39304783392
-0.468772240434 -0.122029958022 -0.176494426085 -0.22817104937 -0.124100721069 0.393481769995
-0.480440770322 -0.124305758309 -0.178658228712 -0.226996823911 -0.12316779884 0.395027974974
-0.493196138169 -0.130115488376 -0.181357289192 -0.226022315515 -0.122528683618 0.39638362812
-0.502076948108 -0.134907378941 -0.184919343202 -0.224825479711 -0.121941322616 0.39734877623
-0.511671790556 -0.140292765542 -0.187283462547 -0.223276223502 -0.121716339311 0.398512211632
-0.521962204576 -0.143486790356 -0.191587838405 -0.222885083438 -0.121054938177 0.40025071948
-0.530886339861 -0.149333946773 -0.193638480202 -0.220588634052 -0.121091965877 0.401136613251
-0.537031038013 -0.152026289049 -0.192347301174 -0.217300881498 -0.12318566529 0.402583067538
-0.544229057088 -0.159664304235 -0.191295695084 -0.2143000932 -0.124267779686 0.403518209296
-0.553268215388 -0.163067204335 -0.188518769985 -0.211455305356 -0.125962048993 0.405183301686
-0.556377574369 -0.168058727794 -0.182214244823 -0.206613243881 -0.129516988353 0.405692613612
-0.559113287037 -0.172353397135 -0.177853965972 -0.202681181537 -0.132719001992 0.40621657784
-0.560594965124 -0.177513718631 -0.173730395978 -0.19798248943 -0.136393496349 0.406170020087
-0.560400531695 -0.179179149107 -0.165522477121 -0.191792870438 -0.140969160299 0.40634926061
-0.56071561976 -0.184078338879 -0.161589622887 -0.186904888577 -0.143866515339 0.406042350283
-0.554514027038 -0.186316921304 -0.157729830319 -0.181003879519 -0.148898339663 0.404763368572
-0.551987333244 -0.189057496675 -0.152757334934 -0.175498903605 -0.152053636292 0.403676327577
-0.547357794174 -0.195134539115 -0.149613939161 -0.171080673388 -0.155184059151 0.402029621997
-0.543804649182 -0.20242901784 -0.147923117554 -0.168683371075 -0.157104417227 0.400056540466
-0.539250629651 -0.210650740583 -0.148875740955 -0.166543333982 -0.158443205721 0.397518084248
-0.535124666877 -0.217254915618 -0.147026078982 -0.162814790218 -0.159454377498 0.395735052196
-0.531813893641 -0.222022771652 -0.148588439071 -0.160797277528 -0.15972292453 0.394752002904
-0.533222407527 -0.226238436239 -0.153585858031 -0.159487992181 -0.156925659608 0.395214427833
-0.536365886406 -0.230471304493 -0.161478945399 -0.159937019112 -0.152798166478 0.396225682905
-0.535011471392 -0.230181240923 -0.169960156314 -0.159109559097 -0.149531565531 0.396318472228
-0.529084352513 -0.235344134933 -0.182063733038 -0.161422718085 -0.147323107194 0.394986361594
-0.527924908544 -0.24458275019 -0.196225302584 -0.165911283001 -0.143408196961 0.393489170209
-0.519069416935 -0.247495777234 -0.205641262014 -0.165989342591 -0.142520704666 0.391320794027
-0.514210687363 -0.252178137683 -0.221761495145 -0.168904284452 -0.139923509122 0.389468928078
-0.507552500833 -0.260833644519 -0.233166806049 -0.171404356563 -0.137880717053 0.386631865604
-0.496854843967 -0.261804072973 -0.23304060454 -0.16729950446 -0.138998422394 0.384230896836
-0.478704963208 -0.263086491852 -0.242865839667 -0.166114582823 -0.142335868017 0.380292729708
-0.475217148921 -0.273003905983 -0.254523983943 -0.168004860725 -0.139004784498 0.378271248214
-0.463835016915 -0.277276092632 -0.258851648715 -0.165328532465 -0.139201946375 0.375386277452
-0.448357284515 -0.280509247843 -0.268995818557 -0.163617848643 -0.140909092932 0.371520473312
-0.439057088714 -0.286804053766 -0.279700450795 -0.163698501656 -0.139015111406 0.368874890423
-0.425670091433 -0.280263563847 -0.280752153983 -0.156979613549 -0.13987748464 0.367101736394
-0.410651274894 -0.277823849178 -0.282834105418 -0.151898747114 -0.141329433398 0.364173957869
-0.398295112949 -0.280725847592 -0.287798830038 -0.149797173022 -0.140817906791 0.36161116205
-0.384271018205 -0.277206201976 -0.286406053352 -0.144213802889 -0.141844109997 0.359586004037
-0.369352924681 -0.275495309823 -0.292034291098 -0.141601430986 -0.142541830131 0.356995947495
-0.354737772145 -0.276630529693 -0.297629883702 -0.140228722261 -0.142955735781 0.35417598877
-0.333774197356 -0.268883339525 -0.296287159005 -0.134610581951 -0.146964090623 0.350803490508
-0.316448406986 -0.268877543677 -0.304415194994 -0.134058013169 -0.148541113146 0.347168678392
-0.303350370158 -0.267550153681 -0.309027079751 -0.133098093526 -0.148683097968 0.345054081618
-0.280235140922 -0.256685093622 -0.308845689681 -0.127871532546 -0.153592701107 0.341267887564
-0.262749146123 -0.252401401539 -0.314188268736 -0.127711768483 -0.155457407579 0.33958088581
-0.24858074058 -0.24990969472 -0.32037341514 -0.127583570101 -0.156283875455 0.337955168704
-0.233224764141 -0.234923457527 -0.314511993637 -0.121016767356 -0.157891482069 0.338131386003
-0.223796146203 -0.229090501005 -0.317599880932 -0.120168949453 -0.157370536404 0.338791233914
-0.216995464883 -0.224791107034 -0.320567566281 -0.119824700317 -0.155110150996 0.34044612462
-0.209466188738 -0.216550013664 -0.31608564352 -0.116466733978 -0.154299806657 0.341548187463
-0.201377518176 -0.206261439698 -0.317237897545 -0.11504250603 -0.153615445908 0.341787198307
-0.187463105849 -0.199112745145 -0.316390788919 -0.113785121271 -0.153951945987 0.341091100731
-0.178930596853 -0.192924858506 -0.303133809381 -0.109378337936 -0.153267286614 0.341725198601
-0.176142075312 -0.187807137434 -0.297089507306 -0.107419035115 -0.15070445842 0.343476430572
-0.168032638917 -0.180108274947 -0.295817488716 -0.106297463017 -0.149802913092 0.344485726072
-0.163582704969 -0.171262849348 -0.28938113581 -0.10363958355 -0.147743829712 0.345818543703
-0.1592700952 -0.164389535835 -0.288557776259 -0.104246906565 -0.144593476532 0.348722724221
-0.159727385789 -0.156523836224 -0.286940159839 -0.104363703858 -0.140425111081 0.351538354606
-0.157828908437 -0.144320040029 -0.285080485465 -0.104263716432 -0.136773728847 0.354208072286
-0.157671558129 -0.130672244072 -0.27878831462 -0.102860871897 -0.13246309818 0.357642161699
-0.160923165847 -0.119244095529 -0.276764784196 -0.102992842352 -0.127148004439 0.36081431627
-0.163389403212 -0.108962654626 -0.278548540013 -0.104638750762 -0.121687763516 0.364182828688
-0.169617823243 -0.0964625829282 -0.270212297738 -0.10384244937 -0.116525643088 0.368311924423
-0.175659527441 -0.0867446721882 -0.270714922215 -0.106554298051 -0.110693011888 0.37232826075
-0.182408599101 -0.0779814055048 -0.282506765597 -0.11242777476 -0.103736818523 0.376631322882
-0.189187424647 -0.0662691706067 -0.283556445892 -0.11530558999 -0.098021776668 0.38083779671
-0.192578266868 -0.0570566113935 -0.284888533188 -0.118026687215 -0.0932803430249 0.3843463439
-0.198988039606 -0.0523878067574 -0.292423317416 -0.124358492127 -0.086950257707 0.387760125042
-0.203968309115 -0.0473738056414 -0.296180964544 -0.129293494004 -0.0830375275019 0.389896456847
-0.208647948346 -0.0398112118002 -0.29746743379 -0.133978744346 -0.0783368273629 0.393103541743
-0.215267987676 -0.0349783046881 -0.30218404574 -0.140179505348 -0.0726187905387 0.396309051099
-0.222569574811 -0.0276297786049 -0.303972239946 -0.144629547399 -0.0675822224033 0.39971536994
-0.229955005387 -0.02099007199 -0.306653068541 -0.14944709905 -0.0627107677796 0.402682833138
-0.239055128499 -0.0161871972841 -0.310767311439 -0.155101180295 -0.0576965052504 0.405536912167
-0.244973232588 -0.0142679989878 -0.310344119066 -0.160265914581 -0.0550783186531 0.406820360879
-0.253048876457 -0.00892829787869 -0.308292971312 -0.164129998343 -0.052008033071 0.409171167439
-0.256419074462 -0.00704903986756 -0.30735927614 -0.170207289397 -0.0510701943866 0.410663895674
-0.267034785568 -0.00609827729419 -0.303523544094 -0.17623787339 -0.0476109637776 0.412813716138
-0.271911429055 -0.00285772448556 -0.299976739342 -0.180557725682 -0.0463917432075 0.414469721571
-0.281639320055 -0.00133730745355 -0.299379252949 -0.186033498121 -0.0443649393948 0.416517575346
-0.287603648576 -0.000849199651572 -0.295639256946 -0.191295892513 -0.044007021217 0.417561317023
-0.289181095852 0.002724489954 -0.290581926699 -0.194797762742 -0.0457269122265 0.417599184706
-0.293293099488 0.00358620567901 -0.283737027443 -0.199479877354 -0.0473229652889 0.417981402625
-0.295696180876 0.00154628588708 -0.273086818426 -0.203288472346 -0.0487686685167 0.418323089727
-0.30345666406 0.0130522771249 -0.252567864172 -0.200563268593 -0.0523524402806 0.420969580907
-0.29913357013 0.0238863036193 -0.235966204908 -0.198642197319 -0.0587051786882 0.422355922188
-0.304028870822 0.02898663075 -0.224111199351 -0.200011564825 -0.06153336577 0.423852555432
-0.300895140221 0.0432753231739 -0.2096478827 -0.197789644985 -0.067585471375 0.42610940288
-0.299141166038 0.0559035273648 -0.189529251324 -0.192886818757 -0.0740965603729 0.428375128375
-0.295159046036 0.0673260078748 -0.174593477302 -0.190266013415 -0.0806791659872 0.430049469457
-0.296440643926 0.0739453611943 -0.159809676874 -0.190081804729 -0.0840599528544 0.432039369595
-0.300829430358 0.0886166664797 -0.13013563332 -0.182023020334 -0.0887592203206 0.435473582466
-0.299512660182 0.116675815435 -0.0873994993319 -0.164522971684 -0.0975460224459 0.440299770958
-0.30680736216 0.129578771623 -0.063683100086 -0.158994377701 -0.100563161451 0.442847493935
-0.302167150525 0.13210857595 -0.0518229804514 -0.160779594763 -0.105451973144 0.442399970296
-0.307597824158 0.132350461539 -0.0279102727076 -0.159222688538 -0.110345226018 0.442250147031
-0.305804229389 0.144393916059 0.00135418019634 -0.151788757393 -0.118082506255 0.442274169888
-0.305590014182 0.147559614766 0.0169350575987 -0.152151910163 -0.124366667333 0.441156698127
-0.308366737368 0.138297688547 0.0254997149119 -0.157912367416 -0.127992390275 0.43986299896
-0.314096788534 0.131934377964 0.0394212991403 -0.160954795733 -0.131359461286 0.439793539507
-0.321952470261 0.13110038797 0.0509671568208 -0.163419358709 -0.134154879253 0.440357081903
-0.327877377691 0.126159784675 0.055555244403 -0.168231108564 -0.134959012729 0.440798125067
-0.33489239488 0.116834132892 0.0627688905349 -0.174428463913 -0.135361335841 0.441163973496
-0.341336646771 0.106887816151 0.0713224410526 -0.179327190675 -0.136713881421 0.440929310525
-0.348841249849 0.0995093890381 0.0789914885653 -0.184317617677 -0.136705021584 0.441148537743
-0.35519404853 0.090271302282 0.0834901854259 -0.190544853068 -0.137817079842 0.440240985434
-0.366675950946 0.0767267539494 0.0861453734558 -0.198085896836 -0.13717880915 0.439084923746
-0.371688020294 0.0669156449873 0.0864717395144 -0.205356546799 -0.138665156304 0.437083318465
-0.376156058255 0.0581903356556 0.0890221621223 -0.212045283409 -0.139791542464 0.435675273063
-0.385600882182 0.0488200409239 0.0969710567715 -0.215986837166 -0.140287333936 0.435056210049
-0.392217800802 0.0413972027469 0.104960975515 -0.21905081827 -0.141932980653 0.434883068279
-0.405101116449 0.0333073962604 0.106493550048 -0.223858879532 -0.141604494321 0.434852083184
-0.412691034986 0.0286622682014 0.109373060337 -0.228122150088 -0.141548824346 0.435229594078
-0.420026345549 0.0217275587411 0.111869838688 -0.232391782852 -0.143193765433 0.434467826405
-0.429018366099 0.0116621042692 0.109341746587 -0.238656408521 -0.143521670132 0.433525167652
-0.438402978201 0.00758343978149 0.108666526516 -0.244300290542 -0.142945651683 0.434419194774
-0.43905877268 0.00424727124182 0.103764813585 -0.248463407952 -0.146108145656 0.433237322938
-0.445496052932 -0.00540117965061 0.098683570973 -0.255382714124 -0.146621597649 0.432082093401
-0.445233243339 -0.00869609245504 0.0956296687987 -0.259526494575 -0.150022764992 0.43075721272
-0.447888724351 -0.0147132834252 0.0895707633104 -0.263385975789 -0.15343934975 0.42949302862
-0.451805856003 -0.0224064698759 0.0862757249937 -0.266925225374 -0.155862221215 0.428639859936
-0.455133787108 -0.0297551814449 0.0821269506533 -0.269709724033 -0.159343516371 0.426918381996
-0.45633979964 -0.0372211860223 0.0787584962068 -0.272287620654 -0.163003974986 0.42528175049
-0.457140302388 -0.0452169728587 0.0709228810732 -0.275969840731 -0.166187913 0.423000645125
-0.45772766705 -0.0619990377082 0.0650703839325 -0.280689802655 -0.169649274533 0.418624352173
-0.458726864048 -0.0688763418383 0.0638155223352 -0.282353678016 -0.175141697852 0.415568490494
-0.456378254695 -0.081703753315 0.060505904668 -0.284917382655 -0.179580738759 0.410510855539
-0.455633184396 -0.0914498039677 0.0581480268381 -0.286639751609 -0.183788044628 0.406956903558
-0.452003928967 -0.101639006993 0.0595307653837 -0.283845323851 -0.190401674579 0.402553417539
-0.451597464824 -0.106773279905 0.0625949285635 -0.282109816311 -0.194313285893 0.399986632032
-0.451571499953 -0.114648919501 0.0619085222207 -0.280303710474 -0.197644676958 0.397122699384
-0.44914839061 -0.118231652558 0.0622209009486 -0.278647690738 -0.201399308531 0.394261862301
-0.448945041582 -0.127008730842 0.0606722508826 -0.278386323378 -0.2031480698 0.391836224028
-0.45072156684 -0.133749871755 0.0599936509521 -0.277256799162 -0.205441410492 0.389010273377
-0.448445625366 -0.136686484242 0.0601839376882 -0.275460777094 -0.208703634697 0.3870140895
-0.44761284322 -0.141445718623 0.0602805457994 -0.273865664083 -0.211328528588 0.384779580174
-0.447324641871 -0.142042334269 0.0569648977664 -0.273505137989 -0.212859517568 0.383313063543
-0.444238587879 -0.147897767058 0.0568249459181 -0.270998191253 -0.21604347645 0.3808678145
-0.445810643354 -0.149776282099 0.0585646061395 -0.267738946115 -0.218609418009 0.380569666762
-0.442756532778 -0.147437934437 0.059111053008 -0.26490473677 -0.220532112203 0.380454821967
-0.443167106211 -0.149051915849 0.0605617259401 -0.260913376859 -0.222495903798 0.380769498789
-0.444709778442 -0.147541486142 0.064319945486 -0.256765344735 -0.223523062466 0.382401215798
-0.445861911741 -0.150661554384 0.0642950901198 -0.253412809097 -0.224111077519 0.382956719781
-0.448004815006 -0.146150188188 0.0681443446873 -0.24939930025 -0.225291120979 0.384875182619
-0.446696347681 -0.149003999504 0.0671849449161 -0.247189344549 -0.226174807306 0.38428355009
-0.450226442756 -0.154783358402 0.0648776550577 -0.245697869704 -0.225912016499 0.384362950014
-0.451394950515 -0.15736440311 0.0644718454465 -0.242802108474 -0.22628249201 0.385118884261
-0.450974683448 -0.160602711071 0.0666843354103 -0.238445193671 -0.227873057388 0.385364979749
-0.453512413615 -0.162477251097 0.0698752955557 -0.23519876839 -0.228433851482 0.386306903318
-0.454038883363 -0.166688511982 0.0704715473342 -0.231458256334 -0.229569796089 0.386570811427
-0.456042240232 -0.165187329188 0.0756064490567 -0.227013756124 -0.230690478622 0.387870541691
-0.455378468403 -0.168724015349 0.0727159602687 -0.224171841562 -0.231276274975 0.387856002739
-0.4548527712 -0.168769708021 0.0722946195253 -0.221079548342 -0.232189029588 0.387828949394
-0.453728593525 -0.169667766201 0.0722677344864 -0.217655982053 -0.233593565133 0.387777062229
-0.453439963266 -0.172918533529 0.0697468931412 -0.215340475413 -0.234147909117 0.387631725362
-0.452982386269 -0.178452013864 0.0646932511751 -0.214698555881 -0.234364990155 0.386843919828
-0.456774062967 -0.182041177538 0.0641013959254 -0.212221427918 -0.233876929552 0.387841500937
-0.453887559312 -0.180034628025 0.0655023731067 -0.206883156274 -0.235397240756 0.388305123334
-0.455802316346 -0.180079010713 0.0660307089854 -0.202423598666 -0.235116710698 0.389651885299
-0.456076461292 -0.177925280765 0.0686970699146 -0.196990626159 -0.235744852268 0.390879269149
-0.455390264279 -0.177359047151 0.068938643975 -0.19267244068 -0.235632162319 0.391785183654
-0.454058983176 -0.175851038114 0.0689126386018 -0.188762202849 -0.23591535989 0.392691293874
-0.455629539348 -0.173242813232 0.070454296004 -0.183931597029 -0.235647691628 0.394254998111
-0.453030392601 -0.172489782808 0.0697806009346 -0.180551088261 -0.235683470504 0.394918605692
-0.454894798716 -0.174380441502 0.0694713526256 -0.177908661499 -0.235156306032 0.396060078565
-0.456368099532 -0.170864727932 0.0718415264595 -0.174630387491 -0.235125474611 0.397849586149
-0.456728422456 -0.170173558628 0.0709305797056 -0.171764309882 -0.234391608775 0.399066009689
-0.458608528619 -0.170415042757 0.0713883847613 -0.169137971364 -0.234089223892 0.400562598694
-0.457061485869 -0.168092055667 0.0739279063319 -0.165564440541 -0.234833111754 0.401238814716
-0.459093697294 -0.166167809068 0.074527006947 -0.162473467504 -0.234302174521 0.402646525926
-0.457778979665 -0.16402746849 0.077273062344 -0.158373289448 -0.234751196575 0.40378853112
-0.457872521141 -0.162936921864 0.0805795668494 -0.155120766238 -0.23515781606 0.405040857108
-0.45992685386 -0.162195998756 0.08258087862 -0.152283424621 -0.234564011724 0.406287526207
-0.46001576341 -0.159131784501 0.0858364827555 -0.14924869453 -0.234627360351 0.407860575578
-0.460619673409 -0.156045400522 0.0889563577269 -0.146182988689 -0.234501984343 0.409376081392
-0.460898042578 -0.154200402467 0.0905393216792 -0.143534984959 -0.234794737845 0.410306997421
-0.461981870831 -0.153340604259 0.0920916344881 -0.141618166171 -0.234713950287 0.411338096044
-0.462753739888 -0.15050699816 0.0948111490831 -0.139002450602 -0.234346937988 0.41300320844
-0.463334919858 -0.148990960308 0.0973841537811 -0.136412936633 -0.234203412174 0.41456729547
-0.463602893161 -0.144224569814 0.0998656113663 -0.133769447422 -0.233526069774 0.41642014763
-0.466451355021 -0.140983408077 0.0987120798209 -0.132389147327 -0.231671672102 0.41867012007
-0.468092512118 -0.137207628427 0.0999273538394 -0.130005066113 -0.229920293635 0.420506595817
-0.468576661372 -0.131696264278 0.0998420474715 -0.128307726334 -0.22747296522 0.423088109774
-0.474137204138 -0.128780510054 0.098597232398 -0.127557035462 -0.223743451026 0.425518486873
-0.47456525466 -0.124519280704 0.0972431673329 -0.125748705523 -0.221031901284 0.427193504646
-0.478152901054 -0.120921088707 0.0964890529836 -0.124850505558 -0.216938468804 0.429161778222
-0.478080908991 -0.115410264437 0.0944087636474 -0.124159410234 -0.214137936613 0.430325611688
-0.480225394944 -0.111520681518 0.0942392114542 -0.122671524744 -0.21043518238 0.431716752743
-0.479037801888 -0.106492881423 0.0910477912915 -0.121580592963 -0.206284927406 0.433177675089
-0.484224777036 -0.101337965856 0.0895158973353 -0.121298065139 -0.200687350602 0.435322549246
-0.489598443006 -0.0949184083109 0.0867065193316 -0.120983989223 -0.195498267898 0.438235307141
-0.490063492423 -0.0901596347127 0.0834081584965 -0.120555260948 -0.19074693011 0.439962040759
-0.492341692938 -0.0836836935747 0.079866729429 -0.120185092478 -0.185376770173 0.441667874507
-0.494372639097 -0.0781625187714 0.0735219733006 -0.121248163256 -0.179373308313 0.443711968095
-0.496292618312 -0.0695729797452 0.0685473905078 -0.122114568391 -0.174078363281 0.445134434556
-0.497350828337 -0.0649143823874 0.0618558028742 -0.124228973851 -0.168565507719 0.446895160309
-0.499262830183 -0.0614531751612 0.0560031627154 -0.126759876019 -0.163294779139 0.448144672524
-0.503129166152 -0.0568576133893 0.0477353881473 -0.12951922625 -0.157011914893 0.449462828898
-0.50423761098 -0.0523057725063 0.0410540821607 -0.1318734665 -0.151663891885 0.450618069863
-0.503939436928 -0.0458068280306 0.0353940896422 -0.133855886406 -0.146838022415 0.451581083114
-0.50524268877 -0.043180264911 0.0287240876217 -0.136436614026 -0.142041233117 0.452081459316
-0.506509068757 -0.0374206971343 0.021053027698 -0.13991032547 -0.136860921762 0.453268830585
-0.509471859117 -0.0350422560751 0.0138971349273 -0.142893012779 -0.13183159782 0.453659583161
-0.512004787234 -0.0290257348427 0.00668469525565 -0.14581090206 -0.126700950323 0.454899567146
-0.511072517886 -0.0261639811737 0.00200051531297 -0.148624076706 -0.122883542106 0.454634415585
-0.512667563603 -0.0247390145263 -0.00639277041333 -0.153031626515 -0.118344217985 0.45454490267
-0.514422074892 -0.0195686053778 -0.0125498844153 -0.156078504617 -0.113908517085 0.45489754116
-0.514652363386 -0.014947663087 -0.0170608857392 -0.158025155135 -0.110531280411 0.455551492106
-0.517476896714 -0.00971898856021 -0.0218323693451 -0.160421240234 -0.10576441846 0.456696356867
-0.518638090093 -0.0069199220856 -0.0287684695704 -0.163342094814 -0.101634977702 0.456835554626
-0.521818463465 -0.00375787446995 -0.0342382049748 -0.166354499264 -0.0964518956953 0.457338501938
-0.524011003354 -6.78989618336e-06 -0.0410778752564 -0.169229674636 -0.0915695518835 0.457838190881
-0.525836287803 0.00138742619231 -0.0487648832343 -0.173400822847 -0.0870083522487 0.456834411395
-0.526195491581 0.00211005865567 -0.0568298599374 -0.17765041638 -0.0826117352602 0.455590086589
-0.524003559109 0.00270463968514 -0.0699610412196 -0.182812629016 -0.0785356726405 0.453724843278
-0.524072855925 0.00336874820194 -0.0809615770829 -0.187838175423 -0.073423691274 0.451859901785
-0.522830152386 0.0049590718783 -0.0917224524207 -0.192829767248 -0.0701061714985 0.45003019139
-0.519898655422 0.00198598352317 -0.100367678499 -0.197189045899 -0.0670651216776 0.448114536183
-0.520172387091 0.00224916369459 -0.107427429248 -0.200442403004 -0.0638248126433 0.447528039793
-0.519361211676 0.0015869429451 -0.112393493621 -0.204376699717 -0.0625589310777 0.446066128774
-0.514997043186 0.00209467254388 -0.114100100685 -0.20616337637 -0.0627630449948 0.444694020006
-0.51432329688 -0.000409404985141 -0.113794149249 -0.209407897706 -0.0628297094503 0.443233299326
-0.510493381736 -0.00326660371487 -0.116237391999 -0.213880319788 -0.0644153207358 0.440931612967
-0.502302618356 -0.00478719628274 -0.117012313822 -0.217021597902 -0.0671326827339 0.438150730269
-0.497252854825 -0.012879430261 -0.119169987577 -0.222155769742 -0.0695357202938 0.434568013268
-0.491345858045 -0.0204625045729 -0.123172484643 -0.227023392687 -0.0721334731114 0.430829303969
-0.487055047485 -0.0253427078791 -0.122609526963 -0.230540771364 -0.0737495650363 0.428529243086
-0.484502165986 -0.0298686355632 -0.126250927249 -0.235209067872 -0.0756027294481 0.425711881781
-0.481977580488 -0.035665039389 -0.130871197086 -0.239541972057 -0.0765725499611 0.423272155607
-0.479529817116 -0.0344566934065 -0.130012890369 -0.239878238485 -0.0787776004506 0.422211025133
-0.474339710677 -0.0368936643355 -0.125497887134 -0.240039545197 -0.0820263431173 0.420451527934
-0.469076127166 -0.0398760445075 -0.124158968878 -0.240616395793 -0.0857802528753 0.41848590094
-0.462524717061 -0.0417907688563 -0.1191303905 -0.240392081569 -0.0911799954823 0.416179523666
-0.457828178322 -0.048088418703 -0.116378302144 -0.240292958225 -0.0956246275743 0.413840202648
-0.453966310429 -0.0503838012311 -0.112990564078 -0.23948748675 -0.100174477902 0.412316325996
-0.450918531644 -0.0471238346193 -0.10816901575 -0.236963603629 -0.104621541987 0.412100300449
-0.443840335292 -0.0443651175775 -0.106624663319 -0.234597835251 -0.108870617482 0.41126168034
-0.442902705708 -0.0453297476777 -0.10217790334 -0.23224020815 -0.113694747034 0.409871844395
-0.438207323708 -0.0445833315654 -0.0981927942439 -0.229858418452 -0.118145367731 0.408605180512
-0.434958111194 -0.0485424053151 -0.0980274762381 -0.229250054535 -0.120357662989 0.407401004518
-0.436675618004 -0.0478015267094 -0.0965817590702 -0.228409352581 -0.121184695126 0.407883216609
-0.439238277664 -0.048244401043 -0.095643100608 -0.226760306985 -0.121991320902 0.408867381641
-0.440963287468 -0.0468286450059 -0.0959908706424 -0.225462646993 -0.12178031041 0.41010495513
-0.44480023104 -0.0445565376454 -0.0973289140951 -0.223965116214 -0.121018137473 0.411719990821
-0.448866545229 -0.0446454808523 -0.0990155806882 -0.223585824976 -0.119765176623 0.412859373495
-0.449519039054 -0.0417778665852 -0.0982031858587 -0.22283486465 -0.119857005376 0.413634676963
-0.451583052459 -0.0449525771477 -0.100385603766 -0.222819798413 -0.118938571892 0.413693087461
-0.453160161718 -0.0439893447864 -0.102354651301 -0.222411227904 -0.118294828959 0.414247540815
-0.455562804304 -0.0444497660928 -0.102740164806 -0.221461242859 -0.117756865368 0.415258144704
-0.454888550007 -0.0446636546315 -0.10307859056 -0.22083469845 -0.117635062549 0.415475287405
-0.457473387474 -0.0438251868668 -0.10146685826 -0.21940776383 -0.118097773176 0.416089115322
-0.457310618107 -0.0465402752842 -0.0995666519533 -0.217694172456 -0.118973783216 0.416185272126
-0.458671816136 -0.0489941501418 -0.0967816401675 -0.216085537971 -0.119722996047 0.416619108078
-0.459162700742 -0.0478110885779 -0.0969075977799 -0.214731714741 -0.120060950625 0.417358709535
-0.458889514848 -0.0481205882162 -0.0940253479411 -0.212836091777 -0.12086320337 0.417703969033
-0.462352274241 -0.0469364095515 -0.0900184675222 -0.210945301667 -0.121508283784 0.418601375481
-0.461121808528 -0.0486445468778 -0.0885553516123 -0.210395850592 -0.122232600952 0.418494124104
-0.460932258036 -0.0529332786126 -0.0881321675478 -0.210408040563 -0.122614869842 0.418007376255
-0.461990327278 -0.0531340223197 -0.0837266619937 -0.209586718592 -0.122687414666 0.41833342457
-0.465445598576 -0.0515765462497 -0.0758105557037 -0.206912767541 -0.12240234962 0.420101777259
-0.470294541287 -0.0513761658844 -0.07037298045 -0.205179872738 -0.121467308579 0.421491627354
-0.470477883872 -0.0484426537639 -0.0643173231371 -0.202497297308 -0.122024944154 0.42259105203
-0.473420715965 -0.0461243625684 -0.0602386494647 -0.199731770752 -0.121636725291 0.424015087052
-0.475572261044 -0.0467652042832 -0.0518316238179 -0.19578454134 -0.121904155762 0.425083477062
-0.478603537361 -0.04466290459 -0.0406208569887 -0.190599978987 -0.122078464027 0.426779377205
-0.478945386588 -0.0459651257702 -0.0323575674413 -0.186374070613 -0.122635228701 0.427181442242
-0.480648354434 -0.0448547092813 -0.0218275649253 -0.181548520071 -0.124169191963 0.427767153438
-0.480593832346 -0.0468646945698 -0.0114364285249 -0.177166191991 -0.124955767144 0.427769801551
-0.482874390373 -0.0466661093279 -0.000350296809433 -0.171480724109 -0.126597272706 0.428206807256
-0.485852972987 -0.0471739662377 0.00765672649628 -0.16778407406 -0.12747273167 0.428213578678
-0.48488479046 -0.0481593297121 0.0119660098362 -0.165690850075 -0.12825445068 0.428237559341
-0.485331565181 -0.0489149605682 0.0149476751745 -0.163578743856 -0.129073917207 0.428158231102
-0.484245324512 -0.0471872901688 0.0168810715245 -0.16128996047 -0.130127663666 0.428496104244
-0.483562633083 -0.0463865080633 0.0179106857992 -0.159556253318 -0.130390475299 0.428915768285
-0.484886700328 -0.0450275443976 0.02175597129 -0.157347848029 -0.1313993288 0.428854504658
-0.486024882375 -0.0440854874914 0.0257235412712 -0.155545778174 -0.131983719454 0.429338634863
-0.483777389963 -0.0435249232811 0.0308209009086 -0.153194650097 -0.13289678151 0.429072277597
-0.482968131557 -0.0431190037017 0.0366015263704 -0.150478204119 -0.13454229267 0.428799644777
-0.481439847589 -0.0423011767882 0.0407209860695 -0.148444594791 -0.135365044988 0.428610268205
-0.481936254687 -0.0405695496355 0.0451352824681 -0.146862658384 -0.135797804845 0.428755650253
-0.481817628351 -0.0374406921656 0.0478800370628 -0.145063040489 -0.136529919815 0.429656042862
-0.483060721502 -0.0370344755127 0.0532575643019 -0.14323615119 -0.136721561026 0.43011837867
-0.487073778003 -0.0330203347354 0.0584910690027 -0.141462667567 -0.135801774453 0.431869802232
-0.490529860168 -0.031478880062 0.0652751604935 -0.139028790391 -0.134223426754 0.43311095701
-0.491509366626 -0.0292076845585 0.0703110135903 -0.135979989895 -0.133892138185 0.433614810241
-0.494490934005 -0.0250952138853 0.0752076898842 -0.132780429777 -0.131981644341 0.434556406149
-0.500410021176 -0.0175046984172 0.0755419207892 -0.129852778675 -0.130124717228 0.435395366027
-0.495629414771 -0.00423531792492 0.072088132372 -0.127769983261 -0.13001926298 0.435229815315
-0.488525593015 0.012817351573 0.0665482074935 -0.126150278817 -0.128989913816 0.435317491775
-0.489878084175 0.0255459620936 0.0634694927354 -0.125613143255 -0.128091747056 0.434991936985
-0.486044368753 0.0362164009145 0.0623980856152 -0.125714091492 -0.128427158028 0.433751692914
-0.482963342684 0.0521064428068 0.0604311422298 -0.125631797256 -0.128323318257 0.433275033824
-0.484163667487 0.0649144294691 0.0584834422217 -0.127232823591 -0.127173575325 0.432855826993
-0.48665010709 0.0837718409351 0.0582858098671 -0.126995943135 -0.126993335309 0.433195125869
-0.489519783399 0.100376507401 0.054808718253 -0.127658274663 -0.126203229416 0.43303932244
-0.489189576153 0.119058960168 0.0530936555205 -0.127033922834 -0.127205045939 0.432518023725
-0.49019336259 0.135383490551 0.0523043229148 -0.126026891044 -0.127761081582 0.432165971994
-0.491725296691 0.144142120348 0.0504866120431 -0.127303165813 -0.127531842046 0.431947382467
-0.490906845951 0.150000164503 0.0511171218764 -0.127803809561 -0.127799537688 0.432031333933
-0.491509101713 0.147840134663 0.052233602226 -0.1281985223 -0.126791540617 0.433020249845
-0.493483483139 0.138481045933 0.0530633549108 -0.129122997428 -0.124704961237 0.43421321159
-0.493281713433 0.12357412566 0.0564619365471 -0.128882770899 -0.123741191282 0.435568077224
-0.494283399286 0.106797293535 0.0612291136057 -0.128381826396 -0.122508368495 0.437020793071
-0.496166826261 0.0886471079265 0.0674535792564 -0.127391863404 -0.12220056134 0.437866659492
-0.500751678753 0.0685895342283 0.0755979344784 -0.125601568419 -0.121538314907 0.43830282944
-0.502882087832 0.0508721767845 0.0814734577612 -0.124307214297 -0.121323947546 0.43829098964
-0.502262130724 0.0369615764598 0.087201791443 -0.1230014379 -0.121103373017 0.438149599951
-0.501072901032 0.0244290356301 0.0918336178607 -0.122262848684 -0.120843477855 0.437976969482
-0.499734566947 0.0112554902899 0.096486971013 -0.121438632242 -0.121730562243 0.437442283949
-0.503536325898 -0.00127117359343 0.100145603117 -0.121252933047 -0.121707874367 0.437068368509
-0.50519926972 -0.00989380053371 0.102457493926 -0.120530959936 -0.121869110939 0.436836187259
-0.507640885693 -0.0139213674465 0.103905567112 -0.119985957659 -0.121997065259 0.436213070524
-0.507081996275 -0.0174314609907 0.106719197298 -0.119664659114 -0.121889590127 0.436298285101
-0.503206019913 -0.0185042818104 0.108751061932 -0.119814416796 -0.121176767205 0.437380885246
-0.500499970385 -0.0183550860504 0.108572927455 -0.119349593374 -0.119699694949 0.437929366987
-0.500093937182 -0.0153445630775 0.110562424024 -0.119175261334 -0.118730046135 0.439160307299
-0.501217203468 -0.0150306539746 0.110045845193 -0.119533057676 -0.117901702081 0.439476592254
-0.49809951445 -0.0124737549695 0.111068823171 -0.119341495624 -0.118287620209 0.440036503996
-0.496369944286 -0.0141928291088 0.110497258486 -0.119798471127 -0.117594013379 0.440563789386
-0.497518967037 -0.0135789283281 0.106072933141 -0.121025419218 -0.117331625739 0.440821783445
-0.498661060812 -0.0134435759669 0.101917171855 -0.121609849425 -0.116799702279 0.441850233503
-0.497303558117 -0.0138343632798 0.0948882375086 -0.123468069735 -0.116035848434 0.44275071854
-0.498346329675 -0.0148883783227 0.0892059341182 -0.124359533095 -0.115858919129 0.443290682362
-0.499468527717 -0.0181628814944 0.0821454252054 -0.126011251208 -0.115065585002 0.44394708127
-0.504521078319 -0.019363085375 0.0764910082846 -0.12718860006 -0.114192279829 0.445460922822
-0.506471175624 -0.0189247222156 0.0727139276837 -0.126800737902 -0.113539785359 0.446023838866
-0.513326128632 -0.016369626486 0.0714473331692 -0.126268559339 -0.112889124216 0.447115836241
-0.518770903397 -0.00887447747037 0.0715760655845 -0.123346566705 -0.112253871906 0.447142480882
-0.522047140908 0.00410096784061 0.0735084121764 -0.119997034585 -0.111623218256 0.447274987883
-0.518933138254 0.0186426806183 0.0752668245901 -0.117170380546 -0.110659746962 0.447392550713
-0.509500843968 0.0321007878632 0.0759554227515 -0.1158630916 -0.109771863457 0.447942774079
-0.503326972938 0.0343017977066 0.0741378072898 -0.115865873872 -0.109701369102 0.448109453332
-0.508895605019 0.0243849063308 0.0754602701868 -0.116368665723 -0.109444475976 0.448927400107
-0.514038536556 0.0108930519764 0.0764482976973 -0.116075674184 -0.109431358213 0.449381562447
-0.516060081569 -0.00561122312631 0.0760457017309 -0.115743441763 -0.109722860287 0.450332428702
-0.50931067058 -0.0114062567562 0.0737508923102 -0.115657383183 -0.109600145118 0.450710317766
-0.507418840427 -0.0132178391857 0.0770996131885 -0.113253278572 -0.111286727586 0.45007337174
-0.508057082362 -0.0118171553565 0.0792877080183 -0.112702537096 -0.111999868942 0.450003127933
-0.504653527251 -0.0129916123118 0.081727708174 -0.111299143474 -0.113588604272 0.449313878464
-0.502666541143 -0.0116943640372 0.0815578383182 -0.110645042953 -0.115213907043 0.448633214919
-0.500940693981 -0.0152673122409 0.0781718020865 -0.111171229766 -0.115186786266 0.448970354114
-0.500467421023 -0.0176407704234 0.0762018210932 -0.110906760982 -0.115574641654 0.448106488351
-0.504129693073 -0.0187569447956 0.0764743651408 -0.111110813373 -0.1148827303 0.447913393504
-0.503164594635 -0.0166612789581 0.0778523651565 -0.111288409079 -0.114795385584 0.448370755451
-0.501594436327 -0.0170101354953 0.0776119554542 -0.111622662052 -0.114430708945 0.448263579619
-0.503043432742 -0.0186327986067 0.0764413631049 -0.112027623679 -0.113764530234 0.448281520271
-0.503589101795 -0.017506865528 0.0761359257378 -0.112452612757 -0.11340218781 0.448274581959
-0.502452390153 -0.0176261390065 0.0777095826157 -0.112256518095 -0.113388840495 0.448846302017
-0.504555901518 -0.0174053412362 0.0796397520587 -0.112605280099 -0.112166303117 0.449749037064
-0.503466537842 -0.0151293278193 0.0845312408052 -0.111564313615 -0.112193458519 0.449856797394
-0.509463222774 -0.015784627345 0.0875168275925 -0.112209098804 -0.110923602372 0.450428237561
-0.508093563209 -0.0132975274862 0.0943510804315 -0.111327928175 -0.111169719043 0.450467390732
-0.509592049107 -0.0100562096711 0.104167638124 -0.110424730618 -0.110177195885 0.451725976091
-0.509661909879 -0.00547823589759 0.117921371911 -0.108513432804 -0.110216419367 0.451358061556
-0.508314896934 -0.00162663432681 0.132907712792 -0.106256701107 -0.110602127761 0.45148793902
-0.510590300583 -0.00240399736757 0.141728463655 -0.105594211047 -0.11058089398 0.45074886634
-0.508147437953 -0.00147489355014 0.142202534816 -0.104913182917 -0.111711228544 0.450393999315
-0.508314286476 0.000194398793185 0.139432963393 -0.10521763995 -0.11235748222 0.450339378519
-0.51069914292 -0.00254798990082 0.137439912216 -0.105349079146 -0.112359531564 0.449985094592
-0.512258903907 -0.00344724528434 0.136192706921 -0.104515225436 -0.112280794065 0.449954190209
-0.514216130213 -0.00511065155333 0.135100411917 -0.104437389317 -0.111760831446 0.449882742748
-0.516054017077 -0.00342580718207 0.135448355467 -0.103781321857 -0.11195529971 0.450180524247
-0.514796166641 -0.00486418046076 0.132561506609 -0.104243192356 -0.1117252833 0.449287237325
-0.512529981116 0.000216551107101 0.130495516796 -0.103550128681 -0.111162780125 0.449191057651
-0.510613202032 0.00364502304721 0.12585214847 -0.103703006236 -0.110335092885 0.447759811513
-0.506688594021 0.00716061739627 0.120100182526 -0.104139331847 -0.109227040369 0.446089035615
-0.500032642811 0.0108821166967 0.111739899818 -0.105025829294 -0.109057730037 0.444219638952
-0.498327762276 0.0131880677277 0.100770620326 -0.106647893377 -0.106953100857 0.441711841271
-0.492785452224 0.0126597292815 0.0879807609464 -0.109122531382 -0.105038226386 0.4395252736
-0.49616351479 0.00853522213854 0.0782426676456 -0.111332778531 -0.101941085418 0.4372073778
-0.505962861507 0.00543496615068 0.0703435374155 -0.113791073365 -0.0986560035598 0.436617655197
-0.521107057237 -0.00496211117405 0.0626133154601 -0.1168826372 -0.0944529499977 0.435097632026
-0.528711440229 -0.0106733499946 0.055945956448 -0.119404487209 -0.090947124305 0.433703274976
-0.532485510332 -0.0171378729075 0.0466302472047 -0.122357023369 -0.0868696360216 0.431066142014
-0.530304584512 -0.0178331893056 0.0384263504537 -0.124282010234 -0.0844687666391 0.429127468509
-0.529952978402 -0.0191945481616 0.030646526249 -0.126747774531 -0.0828427965162 0.426723416054
-0.524316681702 -0.02175275979 0.0220058903457 -0.128389480338 -0.0828883480674 0.423590998464
-0.521860116189 -0.0226374994919 0.0208165752996 -0.12964834698 -0.0850039259354 0.42119249433
-0.512112596637 -0.0221960784323 0.0230696237969 -0.129820213031 -0.0885225365304 0.417781323344
-0.496595200724 -0.0234866015498 0.0290788083154 -0.129482015631 -0.0936299398832 0.413673856089
-0.482343710901 -0.0199274115811 0.0350235809748 -0.12850636686 -0.0989434240185 0.409874715126
-0.466298373357 -0.0185425741672 0.0396223191069 -0.126897297754 -0.104854235814 0.405694154969
-0.454442630045 -0.0214660392447 0.0443255928152 -0.125768359892 -0.110170434781 0.401574136504
-0.439399844471 -0.0172380980139 0.0509478764507 -0.12392219881 -0.116190707324 0.398556331303
-0.429124882472 -0.0112761518723 0.0545012667625 -0.122706058551 -0.120662365558 0.396500684929
-0.408354834315 -0.00536715738916 0.0555638647314 -0.122698423829 -0.125327473302 0.393618425245
-0.386749744033 0.00207205263789 0.0558682053074 -0.121834703764 -0.128681574048 0.390892102386
-0.367976228497 0.00850576244195 0.0568612151454 -0.12161459803 -0.132135553941 0.388183265122
-0.355592224073 0.0127420783622 0.0538682185247 -0.12208300439 -0.134377806034 0.385931626455
-0.354048708145 0.0133055975317 0.0510170005738 -0.123601030585 -0.136045346708 0.384843414142
-0.356719466479 0.00896014737048 0.0485339822365 -0.125118413811 -0.137051279053 0.384154597201
-0.364442751389 0.00385840606734 0.0447130855772 -0.126962587387 -0.137275675315 0.384423591911
-0.372520362304 -0.00382542683198 0.0421884498449 -0.129315730265 -0.137478990468 0.384883714165
-0.377800964871 -0.00783157618236 0.0407666095254 -0.13092650413 -0.137472569219 0.385901735162
-0.380653902095 -0.00975636368736 0.0397754151388 -0.132181912133 -0.13773496309 0.387016186556
-0.38415856431 -0.0122399115451 0.0362759847935 -0.133913774157 -0.137416256766 0.388128122814
-0.385043065765 -0.00877962391363 0.033386710733 -0.135543772316 -0.136976467986 0.390112160386
-0.392191628558 -0.00432030021882 0.0312242633135 -0.136441975108 -0.135678613489 0.392702379903
-0.395678253755 -0.00129903577225 0.0251788555664 -0.138110556845 -0.133708863943 0.394290080018
-0.39935948839 0.000944374150001 0.0205007204366 -0.138592087431 -0.131040830684 0.395698699355
-0.398872089948 0.00321383175416 0.0153097114276 -0.139189281899 -0.12853951854 0.396601792628
-0.398099967363 0.00397521678495 0.0124055505062 -0.138379916467 -0.126620053892 0.397283010872
-0.405423904565 0.00655536240061 0.00953704292537 -0.138061968478 -0.124069162566 0.399423139744
-0.415697137055 0.00681254598872 0.00870785836192 -0.137458224988 -0.12233944775 0.401614559678
-0.426530725726 0.00502650793903 0.00915856888259 -0.13734104735 -0.120727509476 0.40408848051
-0.427023088939 0.00435429648048 0.00692268777415 -0.137672130847 -0.119466377498 0.405856454443
-0.426764835772 0.00883005446419 0.00606334706507 -0.136802001864 -0.118420059169 0.408793285775
-0.432829025278 0.0132464225127 0.0089942235095 -0.13441306245 -0.117772167414 0.412388172745
-0.445508068558 0.0158828751166 0.0110423942126 -0.13202182453 -0.117108198002 0.415750870315
-0.4564648407 0.0124182148955 0.0142022680666 -0.12902672164 -0.117659049388 0.417602951691
-0.464532652783 0.00611635079158 0.01918503919 -0.126158598854 -0.118827469346 0.418161849654
-0.465366456611 0.00542485864757 0.0223588501972 -0.123255477693 -0.121016933932 0.417541433497
-0.458736491029 0.00483079154887 0.026475764977 -0.1203079958 -0.123363696422 0.416356677937
-0.449743329697 0.00456182081015 0.0286850684478 -0.117450573764 -0.125355012585 0.414604817449
-0.442962836624 0.00622972662071 0.0340733968584 -0.114082176132 -0.127209163305 0.413366171609
-0.434984276605 0.00762567472955 0.0377681226285 -0.110507716274 -0.12932995599 0.411787520619
-0.432169641318 0.00811878617798 0.0390870070967 -0.107276203866 -0.12949080914 0.410561681707
-0.426683749775 0.0067386414096 0.0395808259385 -0.104023033791 -0.130421933094 0.409143804836
-0.427243061657 0.00496270294659 0.0387124196144 -0.101277996468 -0.129039436447 0.40830238605
-0.426777937947 0.00717332121969 0.0374586383893 -0.0981683974239 -0.128627114101 0.407855078409
-0.429474008546 0.00806581389297 0.0376810152764 -0.0954316874121 -0.126950761148 0.408009678592
-0.432391968529 0.00848103954096 0.0359016691991 -0.0934671771468 -0.125093878526 0.407931438136
-0.433079826955 0.00810396215559 0.0371203036101 -0.0911904493275 -0.12486670232 0.40752210242
-0.438514571464 0.00711939036913 0.0373455953428 -0.0910317959308 -0.123005462142 0.407783457183
-0.440189252765 0.00635189457061 0.0347452612449 -0.0928677882845 -0.121649687067 0.408099343273
-0.443439225653 0.00500630742813 0.0340842140527 -0.0950236726683 -0.120358904101 0.408350159004
-0.444166831187 0.00517002969689 0.0287567137524 -0.0983605024841 -0.118406492023 0.408286588242
-0.447626066886 0.00365549090643 0.0224155901393 -0.102235991325 -0.115628595045 0.407822426352
-0.449076960051 0.00495333694812 0.0150033867299 -0.106589121672 -0.112249317879 0.407885965249
-0.451852146606 0.00459683864481 0.00797765314185 -0.110720258799 -0.109071022303 0.407523176407
-0.454385796814 0.00186871829471 0.000228551904972 -0.115197324186 -0.10570301857 0.40713307649
-0.458436608715 0.00106888867745 -0.00650525661502 -0.119446191711 -0.102619740745 0.40694743744
-0.462005955129 -0.00101498052886 -0.0139793624879 -0.123557463887 -0.099888255743 0.406677526656
-0.466219868233 -0.00346645293155 -0.0194469110826 -0.128389472919 -0.0976338710199 0.406727918922
-0.472128501277 -0.00839729909113 -0.0242399022434 -0.132329267614 -0.0966905216897 0.406195592118
-0.478482742229 -0.01451357284 -0.0270229944075 -0.137026952799 -0.09690558017 0.405830117972
-0.483588006433 -0.0177395904661 -0.0278647957482 -0.140882051268 -0.0976598310324 0.405836427959
-0.486424774493 -0.0206803612494 -0.0306198057123 -0.14520745508 -0.099095984106 0.405736180592
-0.487661641246 -0.0248547689253 -0.0315148762245 -0.149197829829 -0.100606358527 0.404495717766
-0.480922131137 -0.0250010728637 -0.0352894210547 -0.152354867733 -0.102656593956 0.402909947783
-0.476346528276 -0.0256528826072 -0.0376095078167 -0.154730732107 -0.105624933595 0.401129906858
-0.471062495958 -0.0272984628853 -0.0390042387518 -0.156498173592 -0.10878066941 0.399072594258
-0.465401936675 -0.0315306439989 -0.0282265929729 -0.155404215327 -0.113136589435 0.39686590511
-0.464043661356 -0.0363328904655 -0.0220908792875 -0.154588926721 -0.115424607957 0.395165804331
-0.463718811081 -0.0415829504559 -0.0200359490756 -0.153735298216 -0.117072252362 0.393990680009
-0.468054387754 -0.0452212283096 -0.0183813463291 -0.152719945219 -0.118129679771 0.393977004597
-0.480488131499 -0.0402515860609 -0.0172950569444 -0.15195990502 -0.118995447447 0.396493189834
-0.488095493226 -0.0317316117529 -0.0169655594155 -0.151169020141 -0.119037068491 0.400162740524
-0.489636195431 -0.0203648073081 -0.0195091446001 -0.150413867286 -0.118962125214 0.404748783178
-0.489340259282 -0.00132008488965 -0.020084715862 -0.149039105576 -0.118301040273 0.410694028984
-0.4849946921 0.0146482402644 -0.0204790492413 -0.146718127825 -0.117724186698 0.416403052392
-0.48242785964 0.0301909325638 -0.0179303734664 -0.144203243652 -0.117012645723 0.422661876401
-0.488453950414 0.0392440165692 -0.0160133082008 -0.142181270377 -0.115401582151 0.428948613094
-0.502912075233 0.0360930464931 -0.0120596157092 -0.139887131699 -0.115004705702 0.433337295589
-0.530880161783 0.0141362845432 -0.00537496649295 -0.137972312534 -0.116562210938 0.433730511166
-0.559507741789 -0.00386892767692 0.00252419167321 -0.135660420728 -0.117086895376 0.43395763258
-0.586181879398 -0.021889905243 0.00826376345188 -0.134455587709 -0.117871357923 0.433611522402
-0.608969511796 -0.0345418264404 0.0135603979986 -0.133149157139 -0.118506156337 0.433340018401
-0.62346010564 -0.0438073713349 0.0157455979116 -0.133043407467 -0.118853465065 0.432358852116
-0.626881450195 -0.0377785936967 0.0151813686884 -0.133008971249 -0.11783289767 0.433552782513
-0.629503449559 -0.0315879115649 0.013606550048 -0.133595701913 -0.117025786279 0.434148273347
-0.634405007296 -0.0320184298693 0.0121728166061 -0.134945455265 -0.115702583489 0.434669771545
-0.646488370803 -0.0358542601182 0.0124930817208 -0.135549314606 -0.114716762616 0.435555443108
-0.655561422099 -0.0415870867411 0.0119311241752 -0.136680315799 -0.114032165232 0.436240120141
-0.66140441819 -0.0379057967539 0.0111656025757 -0.13633916141 -0.112972853383 0.43739503032
-0.671924470671 -0.0369070401937 0.00882987772403 -0.137239672636 -0.111754247111 0.438372257263
-0.685151893869 -0.0367058377549 0.00814883167118 -0.137311641113 -0.111817780402 0.43855410143
-0.698491045913 -0.0345811025631 0.00739123550761 -0.138305925894 -0.111693868372 0.438617481505
-0.711245581361 -0.036544187948 0.00781317402141 -0.139513374183 -0.112015125638 0.437973550112
-0.717610097466 -0.0348288504359 0.0069973860132 -0.140874296773 -0.111938393104 0.438092341246
-0.71641218729 -0.0348513261089 0.0064740611596 -0.14198456232 -0.113299953126 0.437965928311
-0.71199710967 -0.0353043882902 0.00544929692916 -0.143414438291 -0.113163171641 0.438379144191
-0.703027422397 -0.0352680821258 0.00515824337429 -0.144091232601 -0.113656158699 0.438562211685
-0.691823366025 -0.0347818042413 0.00580733009023 -0.144431781696 -0.113491908124 0.439502633308
-0.680492192779 -0.0351728043533 0.00544256391575 -0.144264851463 -0.11351202513 0.439569169674
-0.668297328762 -0.0338865741246 0.00664179785603 -0.143561098649 -0.114697523753 0.439371111908
-0.656932266994 -0.0339121385578 0.009965194627 -0.142620108989 -0.115900547948 0.438887368981
-0.644255578998 -0.0322227159756 0.0106960930859 -0.14239806162 -0.115680957934 0.439369517477
-0.628959532978 -0.0324954387321 0.011575302129 -0.142262229405 -0.115555416584 0.439648499695
-0.613139589558 -0.0354557195245 0.0106116685623 -0.142902435144 -0.114358363876 0.439949463871
-0.594519472858 -0.0320879174952 0.0108916165126 -0.143091532237 -0.114640645564 0.440628635296
-0.578046039953 -0.0332600530426 0.0134878937598 -0.143384457615 -0.114736045406 0.440252111037
-0.564185859659 -0.0327274203809 0.0168020844722 -0.143899512187 -0.114603138678 0.439915770587
-0.548657268696 -0.0313620694638 0.0207081409609 -0.144456993215 -0.11483834545 0.439709427719
-0.534978220258 -0.0304646448483 0.0234459078323 -0.144740053592 -0.115426819479 0.439046766417
-0.525326679656 -0.0303544218144 0.0237998977716 -0.145479995754 -0.115536290231 0.438698317291
-0.517747931387 -0.0272848482818 0.0255178072804 -0.145850268208 -0.115261236037 0.438798153953
-0.505601686972 -0.0318077253554 0.0266258344268 -0.146009345776 -0.116952412845 0.437782818757
-0.499436161967 -0.0352449988839 0.0281359979491 -0.145836737331 -0.117763528944 0.437090587484
-0.502337160827 -0.0377810760318 0.0291712063238 -0.145950718454 -0.117780722809 0.436418352492
-0.499927666241 -0.0377555928618 0.0297333404618 -0.146059955211 -0.118456297859 0.436207649376
-0.49976727558 -0.0380073752605 0.0277977754646 -0.147222588498 -0.118670371031 0.435921351362
-0.499252258424 -0.0393165024638 0.0280012623529 -0.1476857421 -0.119058530013 0.435419094169
-0.495295880615 -0.0433829032326 0.0269936272175 -0.148101803202 -0.120034285649 0.434497288412
-0.493441328265 -0.0436783845021 0.0238729915295 -0.149138983206 -0.120628180032 0.43454330268
-0.490619485655 -0.0452638778298 0.0215935120504 -0.149567266206 -0.121919838283 0.4339195266
-0.488005479985 -0.0517746789635 0.0179893054461 -0.150867338151 -0.123103303907 0.432597735448
-0.485449207905 -0.0519985203328 0.0120210152755 -0.152103224387 -0.12460200018 0.431975802935
-0.484020327621 -0.0546903953581 0.00574728220168 -0.15419514728 -0.125782643596 0.430779651187
-0.480541543736 -0.0582060157905 0.00482767502458 -0.15475640188 -0.127103493421 0.429321195789
-0.477285187263 -0.0596579989538 0.00359918056568 -0.155627384542 -0.128867771253 0.427828576285
-0.475865092213 -0.0595313300084 0.00256669520644 -0.155853459331 -0.129136130587 0.427505067176
-0.477890952192 -0.0609594123937 0.0034232442983 -0.15550888198 -0.129665761389 0.426768808471
-0.475319143318 -0.0591618327863 0.00366335955206 -0.155413053323 -0.130221946343 0.426660377213
-0.476149686382 -0.060098702714 0.00476255071836 -0.15513939879 -0.130262047645 0.426358737847
-0.475548945644 -0.0603300405407 0.00441725724972 -0.15483461972 -0.13121418097 0.425932230346
-0.474599127814 -0.058447920045 0.00496800468548 -0.154210957956 -0.132009483613 0.425681253159
-0.475573032099 -0.0560907329195 0.00581714327697 -0.15368295697 -0.132677740548 0.425712004204
-0.471554973317 -0.0575389608389 0.00698518408058 -0.153147815898 -0.134300094034 0.4244960942
-0.470707777782 -0.0599790755497 0.0087401096786 -0.152406402549 -0.135232324476 0.42380963438
-0.468211323382 -0.0582087955511 0.00890698060222 -0.152061344908 -0.13641198795 0.42336698898
-0.467314064561 -0.0577585866029 0.00936015875649 -0.151385955717 -0.137675352263 0.423026830273
-0.467610950845 -0.059260265878 0.0106581247869 -0.151589414465 -0.137968079074 0.422699179749
-0.466999801879 -0.0592581135821 0.0117308356902 -0.151279946862 -0.138868028038 0.421850980673
-0.465430738941 -0.0571924163922 0.0119539125465 -0.150710657281 -0.13989292612 0.421348438565
-0.4657607442 -0.0573204977451 0.0131960742883 -0.151004299226 -0.140309324762 0.420882786897
-0.463311418652 -0.0598371825587 0.0145317957399 -0.151312512559 -0.140842450403 0.420119600756
-0.463872296511 -0.0583983865611 0.0148444206107 -0.15112493855 -0.140907725238 0.419789588349
-0.460229593085 -0.05613180295 0.0157196013437 -0.150352101765 -0.141565396425 0.419163690484
-0.458963341731 -0.0548211645071 0.0163496288581 -0.149363519718 -0.141723701651 0.418817885913
-0.45646054502 -0.0522584313838 0.0166356172424 -0.148001212957 -0.142493861588 0.418608185297
-0.453040742902 -0.0489779612948 0.019191007071 -0.145792032801 -0.14360029412 0.41817580483
-0.452779248331 -0.0487091172744 0.0221754300691 -0.143866332981 -0.143700277142 0.418062154319
-0.449781976777 -0.0469727746204 0.0243150988901 -0.141739914451 -0.144830569246 0.418103388706
-0.4486224651 -0.0449110307679 0.0277171982505 -0.139483014055 -0.145530474585 0.417992682942
-0.447066139909 -0.0433700768763 0.0302943752277 -0.137349826124 -0.146669078003 0.417726631729
-0.448623416433 -0.0437243058061 0.0326047592308 -0.136015823365 -0.146470960288 0.418263882019
-0.448254924874 -0.0448961181499 0.0335202033816 -0.135448061116 -0.146701064305 0.417980754409
-0.446399753697 -0.0428462095158 0.034718438065 -0.134454912197 -0.147204238481 0.417743309731
-0.445265890995 -0.042208652195 0.0337344988763 -0.13442639425 -0.146986116214 0.417463502234
-0.444559013972 -0.0420343299888 0.0336610486157 -0.133657486581 -0.147360112977 0.417131499517
-0.44406565912 -0.0393685201206 0.0339827602733 -0.133266276496 -0.147009404356 0.417776378444
-0.4457530556 -0.0387410677789 0.033880483148 -0.132841705555 -0.146871470428 0.418293416983
-0.446840233213 -0.0394851210673 0.0361717756995 -0.131654716847 -0.146487212956 0.418631613836
-0.446004551905 -0.0388848395629 0.0387007935675 -0.130520348647 -0.146642191838 0.419184950005
-0.449374051526 -0.0403465099433 0.0410567031012 -0.129950720704 -0.145950719813 0.419417917151
-0.447433318039 -0.0408769149642 0.0396011325579 -0.13012444037 -0.145912184845 0.419501124735
-0.447399736208 -0.0404768348729 0.0396254448435 -0.130139026094 -0.145842131793 0.419433349223
-0.447023226493 -0.0390929008674 0.0382654866531 -0.131128124234 -0.145689673972 0.41910387722
-0.446181574156 -0.040057488178 0.0371276111784 -0.131728638812 -0.14578063046 0.418637768104
-0.447359297357 -0.039883120358 0.0356737995499 -0.132344433075 -0.145665599876 0.418480687995
-0.447051144272 -0.0404899306085 0.0361389057031 -0.132389518977 -0.145862676879 0.41811719699
-0.44674717003 -0.042405630808 0.0356826348354 -0.132620832999 -0.14593516397 0.417645575331
-0.446533893488 -0.0423067666209 0.0358300324842 -0.132579980059 -0.145823660163 0.418046645036
-0.447822478172 -0.0398545515257 0.0362404511111 -0.132387892803 -0.145500877407 0.418865895116
-0.445750494954 -0.0398217075624 0.0354744902474 -0.132298914853 -0.145714730467 0.41873494034
-0.446561693066 -0.0390563255876 0.0354004576934 -0.132140140741 -0.145410034741 0.418945619874
-0.443945613014 -0.0405306750099 0.0346399210691 -0.132285905991 -0.145569904291 0.418664444816
-0.448176676399 -0.0392728455121 0.0349169208287 -0.132380928611 -0.145052805868 0.419065227568
-0.446488334548 -0.0403731500147 0.0339027789974 -0.13280469505 -0.14474443476 0.419080778747
-0.448823896508 -0.0410305561545 0.0356065753023 -0.132554376879 -0.144759778374 0.419130613754
-0.448377223161 -0.0411701386073 0.0358282985321 -0.132167288421 -0.145111353041 0.418806425195
-0.449204848461 -0.0417807262262 0.0367640674815 -0.132409934102 -0.14518536057 0.418517646777
-0.446251675402 -0.0409957056981 0.037093278235 -0.132111997732 -0.145629799522 0.418363141189
-0.447870600902 -0.0439263776754 0.0358440480736 -0.132801937229 -0.145080073801 0.418061835132
-0.446733581207 -0.0416973091012 0.0368511587763 -0.132021139935 -0.145650660326 0.417798917929
-0.447666198497 -0.0432524384017 0.0361788229141 -0.132319554468 -0.145363407542 0.417623315587
-0.446249541818 -0.0433188873867 0.0366913527601 -0.132156994707 -0.145518576212 0.417322053681
-0.448530203326 -0.0426841194459 0.0362864491876 -0.131995737641 -0.145434735812 0.417489047651
-0.448072210138 -0.0426813545977 0.0367647815733 -0.13191922216 -0.145516595415 0.417543513306
-0.447840010736 -0.0431492501611 0.0376311760327 -0.131921053753 -0.1454258353 0.41743532657
-0.447139565754 -0.0434290739713 0.0373313086568 -0.132012452286 -0.14535487082 0.417272759554
-0.446017206748 -0.0438423145308 0.0370605032333 -0.132137829523 -0.145685526036 0.416419928451
-0.446037217621 -0.0439233931644 0.0369176287249 -0.132365310187 -0.146185916267 0.415997438487
-0.444747894516 -0.0448439126541 0.0362413282761 -0.1327890562 -0.146048597486 0.415443545817
-0.443882005265 -0.0465507206374 0.0363125193001 -0.132519051717 -0.146852073595 0.414517425949
-0.445062905218 -0.0461204130718 0.0373354692623 -0.132765018646 -0.146435404463 0.414345252311
-0.445361205727 -0.0450703397794 0.0377696847197 -0.13229830136 -0.146765425764 0.414257552549
-0.442887795422 -0.0461743629277 0.037500952711 -0.132022194398 -0.147146222913 0.413900843796
-0.443427329937 -0.0464293056325 0.0379390735391 -0.131775045794 -0.147198942922 0.413653032822
-0.442936149947 -0.0434319295832 0.0382997525392 -0.131523012162 -0.147642795612 0.413780952998
-0.443159937665 -0.0454254738334 0.0373583284318 -0.131866590044 -0.147359742743 0.413326333254
-0.441708117224 -0.0443263311664 0.0394693295252 -0.131072978611 -0.147972150117 0.412851561932
-0.441366143134 -0.0451039956994 0.0392505418143 -0.13137992145 -0.147920756099 0.412590115617
-0.440988681693 -0.0457007301715 0.0394016774459 -0.131290387831 -0.148136745809 0.41239945828
-0.441793538964 -0.045812370243 0.0397745727024 -0.13130531392 -0.148240564111 0.412200545002
-0.442473518903 -0.0444900284292 0.0404730654459 -0.131181480016 -0.148142363072 0.412563712628
-0.442669165537 -0.0458201554968 0.0381505853721 -0.132064899735 -0.147939106444 0.412750898859
-0.443109679817 -0.044608978012 0.0392455503663 -0.131771774785 -0.147800393926 0.413259536821
-0.443343329199 -0.0446612528007 0.0379657973204 -0.13215128232 -0.147513441033 0.413594114801
-0.444555756516 -0.0449128623949 0.0372596715236 -0.132363699793 -0.147097917041 0.413665356448
-0.44447342462 -0.0455096625864 0.0373987264774 -0.13285241744 -0.147166562583 0.413436440346
-0.444715792736 -0.0466388607138 0.0367873851504 -0.1335075301 -0.147043325747 0.412934314205
-0.442744553161 -0.0470593787365 0.0337580220192 -0.134750173729 -0.147062527881 0.41235204277
-0.444303319668 -0.0482172410919 0.032495983047 -0.135673069079 -0.146275139983 0.412240075895
-0.441756728984 -0.0491744778448 0.0290922527615 -0.137930336406 -0.146223286694 0.411415471268
-0.4452100319 -0.0511965823508 0.0249540139141 -0.140227769365 -0.1445247399 0.411774367755
-0.444377647387 -0.0495956350473 0.0214721681004 -0.141614237364 -0.14352288884 0.41207273367
-0.443524279715 -0.0507824616321 0.0175647595171 -0.143416263479 -0.142881489777 0.411756903595
-0.442490876836 -0.0498621200002 0.00967532042913 -0.146435038185 -0.142008577841 0.411433701911
-0.439743131934 -0.0510884995693 0.00275318574664 -0.150064444337 -0.14173525047 0.411280617696
-0.437754229263 -0.0513961812123 -0.00678895641339 -0.153803192568 -0.14204487539 0.410820989707
-0.434796473245 -0.0565276913257 -0.0187233040493 -0.1589680081 -0.1418301328 0.409680580477
-0.43461212088 -0.0590699605757 -0.0228043837188 -0.161450047637 -0.141533192238 0.409683135113
-0.43021849573 -0.0513974636189 -0.0193521043925 -0.157898128314 -0.143357341269 0.41042350486
-0.423565733291 -0.0481786173724 -0.021287842678 -0.156501640228 -0.145952845673 0.409082372882
-0.418905858764 -0.0472222473534 -0.0219421164266 -0.156409679552 -0.147400036466 0.407925089707
-0.413880261347 -0.0428155995755 -0.0165142863315 -0.152602843827 -0.149530508002 0.407231881085
-0.409835003067 -0.040735451475 -0.0114155293951 -0.14962366559 -0.150870391531 0.406331606375
-0.407672615509 -0.0402193512806 -0.0102445581555 -0.14862555145 -0.150840214259 0.405757460641
-0.40557270297 -0.0374780123184 -0.00377943763512 -0.145817177806 -0.15138576467 0.405663261151
-0.402939615201 -0.0333022272687 0.00338860325505 -0.142190120632 -0.152584835369 0.405713730527
-0.405861922654 -0.0318100692751 0.0066984756931 -0.140667870581 -0.15122374747 0.406517476678
-0.403935968904 -0.0285284780198 0.0103337137702 -0.139210938173 -0.151256871929 0.406763939649
-0.40294487419 -0.0255857644427 0.015124375918 -0.137119916974 -0.151563657665 0.406717275052
-0.400395620818 -0.0247584080022 0.0180072123749 -0.135948084767 -0.152108352163 0.40607853061
-0.396307252747 -0.0205172136465 0.022533665383 -0.133799886024 -0.152680741772 0.405524412369
-0.389732520097 -0.0162145286181 0.0274941014788 -0.130250476873 -0.154939653732 0.404154453336
-0.387551405801 -0.0158629516173 0.0311233651924 -0.128083738476 -0.15554221464 0.403101104781
-0.383999434732 -0.0110087599617 0.0364321935013 -0.124293939858 -0.156368254455 0.402684624642
-0.379807730618 -0.00754741295605 0.0392421712547 -0.121335451763 -0.157087855941 0.40215402689
-0.375472360069 -0.0023563236109 0.0426221594678 -0.118320415386 -0.158069324016 0.401737588845
-0.371788048122 0.00330254300293 0.0448571115213 -0.114935252679 -0.159507793337 0.401300362374
-0.367656184723 0.00705706958643 0.0460830516865 -0.112477519269 -0.160651312536 0.401074066577
