1 -0.234382 -0.141915 4.29134 0.00289189 -0.00516178 -0.00130804 0.999982
2 -0.28122 -0.170274 5.14899 0.00347128 -0.00619272 -0.00156572 0.999974
3 -0.328118 -0.19867 6.00778 0.00405191 -0.00722479 -0.00182249 0.999964
4 -0.374955 -0.227029 6.86548 0.00463227 -0.00825533 -0.00207769 0.999953
5 -0.421837 -0.255415 7.72404 0.00521367 -0.00928665 -0.00233189 0.999941
6 -0.468733 -0.28381 8.58289 0.00579575 -0.0103181 -0.00258492 0.999927
7 -0.515547 -0.312155 9.44027 0.00637729 -0.0113475 -0.00283628 0.999911
8 -0.562431 -0.340542 10.299 0.00696018 -0.0123783 -0.00308675 0.999894
9 -0.609309 -0.368925 11.1576 0.00754347 -0.0134087 -0.00333595 0.999876
10 -0.656205 -0.397396 12.0154 0.00816982 -0.0144433 -0.00364775 0.999856
11 -0.701879 -0.423912 12.8697 0.0080978 -0.015386 -0.0029227 0.999845
12 -0.749824 -0.454004 13.7315 0.00929496 -0.016496 -0.00407548 0.999812
13 -0.799251 -0.484077 14.6003 0.010608 -0.0173226 -0.00453693 0.999783
14 -0.854664 -0.515507 15.4796 0.0116074 -0.0183047 -0.00639254 0.999745
15 -0.907287 -0.54647 16.3694 0.0114474 -0.0189741 -0.00698048 0.99973
16 -0.960916 -0.57836 17.269 0.0105987 -0.0197728 -0.00685534 0.999725
17 -1.01159 -0.60924 18.1732 0.00986517 -0.0205273 -0.00696165 0.999716
18 -1.06626 -0.638736 19.0841 0.00962282 -0.0211197 -0.00672931 0.999708
19 -1.11865 -0.668622 19.9972 0.00994319 -0.0219986 -0.00685089 0.999685
20 -1.17184 -0.699078 20.9137 0.0105286 -0.0225385 -0.00600355 0.999673
21 -1.22428 -0.728742 21.8404 0.00973155 -0.0229254 -0.00586948 0.999673
22 -1.28081 -0.760472 22.7743 0.00778362 -0.0229298 -0.00667769 0.999684
23 -1.33484 -0.792967 23.7095 0.00594429 -0.0225123 -0.00703105 0.999704
24 -1.38575 -0.820924 24.6517 0.00464742 -0.0217934 -0.00652891 0.99973
25 -1.43663 -0.845621 25.5969 0.00405179 -0.0210709 -0.00641325 0.999749
26 -1.48704 -0.870213 26.5447 0.00533787 -0.0204866 -0.00655893 0.999754
27 -1.53802 -0.897112 27.4963 0.00798829 -0.0200256 -0.00711685 0.999742
28 -1.58655 -0.925415 28.4547 0.00974185 -0.0194214 -0.00679419 0.999741
29 -1.63336 -0.955563 29.4229 0.00911238 -0.0190717 -0.0055706 0.999761
30 -1.68097 -0.983838 30.3984 0.00664795 -0.0191692 -0.0046716 0.999783
31 -1.72889 -1.01177 31.3776 0.00458753 -0.0196391 -0.00300978 0.999792
32 -1.76898 -1.03636 32.3571 0.00469799 -0.0201955 0.000825441 0.999785
33 -1.81583 -1.05979 33.3363 0.006632 -0.0210128 0.00230861 0.999755
34 -1.87066 -1.08802 34.3202 0.0088354 -0.0217836 0.0018464 0.999722
35 -1.92978 -1.12988 35.331 0.00947768 -0.0227305 0.00153558 0.999696
36 -1.99375 -1.19455 36.3875 0.00840646 -0.023264 0.00158734 0.999693
37 -2.06111 -1.24988 37.4285 0.00687899 -0.0237616 -4.41565e-05 0.999694
38 -2.12695 -1.30505 38.4715 0.00638735 -0.0244075 -0.000157029 0.999682
39 -2.19097 -1.34914 39.5037 0.0052443 -0.0249016 -0.000571237 0.999676
40 -2.25611 -1.39305 40.5386 0.00332551 -0.0249294 -0.000327717 0.999684
41 -2.32994 -1.42681 41.5611 0.00253984 -0.0251506 -0.0032982 0.999675
42 -2.39973 -1.46073 42.583 0.00239307 -0.0251072 -0.00353732 0.999676
43 -2.46521 -1.4895 43.593 0.00328089 -0.0251828 -0.00342189 0.999672
44 -2.53588 -1.52285 44.5979 0.00471851 -0.025062 -0.00461138 0.999664
45 -2.60002 -1.55988 45.5988 0.00477109 -0.0255495 -0.00452771 0.999652
46 -2.66188 -1.59376 46.598 0.00397201 -0.0262092 -0.00353724 0.999642
47 -2.72891 -1.62982 47.5928 0.00346734 -0.0266439 -0.00362469 0.999632
48 -2.80079 -1.66453 48.5786 0.00459146 -0.0267751 -0.00504008 0.999618
49 -2.87134 -1.69762 49.556 0.00731571 -0.0271554 -0.00531979 0.99959
50 -2.93793 -1.72901 50.5377 0.00771907 -0.0273882 -0.00553822 0.99958
51 -3.00246 -1.76674 51.5185 0.00608237 -0.0275352 -0.00530413 0.999588
52 -3.06584 -1.79899 52.495 0.00449406 -0.0276939 -0.00390911 0.999599
53 -3.13018 -1.83005 53.465 0.00404622 -0.0278381 -0.00328834 0.999599
54 -3.19152 -1.8584 54.428 0.00444486 -0.0279391 -0.00176637 0.999598
55 -3.24881 -1.88649 55.3918 0.00528733 -0.0282244 -7.62452e-05 0.999588
56 -3.31092 -1.91384 56.3504 0.00480733 -0.0288316 0.000657285 0.999573
57 -3.37151 -1.93823 57.3125 0.00261639 -0.0293854 0.00211547 0.999562
58 -3.43899 -1.95676 58.274 -0.000187376 -0.029626 0.00298925 0.999557
59 -3.51131 -1.97596 59.2254 -0.00117192 -0.0298981 0.00223993 0.99955
60 -3.57919 -1.99811 60.1663 -8.62918e-06 -0.030657 0.0014607 0.999529
61 -3.64178 -2.02154 61.0913 0.0042549 -0.0314224 0.000747699 0.999497
62 -3.70338 -2.04916 62.0063 0.00710619 -0.0319781 0.000252498 0.999463
63 -3.77603 -2.07811 62.9168 0.00680703 -0.0325954 -0.00232567 0.999443
64 -3.84394 -2.11209 63.8152 0.00540588 -0.0330051 -0.00392696 0.999433
65 -3.9126 -2.14535 64.6979 0.00457524 -0.0336733 -0.00528443 0.999408
66 -3.97823 -2.17383 65.5667 0.0050192 -0.0342923 -0.00534792 0.999385
67 -4.04662 -2.20141 66.4216 0.00460263 -0.035103 -0.00608323 0.999355
68 -4.11444 -2.23082 67.2645 0.00430127 -0.035842 -0.00675062 0.999325
69 -4.17999 -2.25837 68.0933 0.00379101 -0.0366497 -0.00662746 0.999299
70 -4.24486 -2.28331 68.9099 0.00342112 -0.0373739 -0.00641557 0.999275
71 -4.31302 -2.30784 69.7142 0.00235289 -0.0380579 -0.00754501 0.999244
72 -4.38194 -2.32948 70.508 5.14507e-05 -0.0386128 -0.00839445 0.999219
73 -4.44551 -2.35539 71.2844 -0.000769601 -0.0395368 -0.00962187 0.999171
74 -4.51487 -2.38209 72.0374 0.000907396 -0.040328 -0.0112081 0.999123
75 -4.58021 -2.40973 72.7679 0.00469989 -0.0409828 -0.0116234 0.999081
76 -4.64434 -2.43298 73.4806 0.00754695 -0.0418034 -0.0111512 0.999035
77 -4.70949 -2.45952 74.1754 0.00864462 -0.0420082 -0.011558 0.999013
78 -4.77573 -2.49028 74.8515 0.0069816 -0.0423644 -0.0127127 0.998997
79 -4.83751 -2.52596 75.5074 0.00526852 -0.0429809 -0.0132749 0.998974
80 -4.89189 -2.55665 76.1383 0.00678306 -0.0436792 -0.0117639 0.998953
81 -4.93768 -2.58547 76.7501 0.00907185 -0.0437714 -0.007923 0.998969
82 -4.98584 -2.61674 77.3441 0.0118513 -0.0434201 -0.00574103 0.99897
83 -5.03904 -2.64605 77.9253 0.0121536 -0.0419309 -0.00657179 0.999025
84 -5.09273 -2.6757 78.4946 0.010669 -0.0399255 -0.00928757 0.999103
85 -5.1338 -2.70184 79.0495 0.00909731 -0.0376664 -0.00867374 0.999211
86 -5.15977 -2.72921 79.5923 0.00704338 -0.0350461 -0.0063362 0.999341
87 -5.18336 -2.7568 80.123 0.00477745 -0.0311648 -0.00409485 0.999494
88 -5.20827 -2.78002 80.6346 0.00518682 -0.0259274 -0.00547955 0.999635
89 -5.23521 -2.80173 81.1354 0.00544396 -0.0184663 -0.00822614 0.999781
90 -5.24889 -2.82209 81.6229 0.00519531 -0.0095331 -0.0107354 0.999883
91 -5.23683 -2.83986 82.097 0.00496707 0.00124694 -0.00996118 0.999937
92 -5.20747 -2.85931 82.5559 0.00449552 0.0139169 -0.00803368 0.999861
93 -5.16354 -2.878 83.0085 0.00372576 0.0284013 -0.00725987 0.999563
94 -5.10562 -2.89575 83.4545 0.00296814 0.0446595 -0.00697496 0.998974
95 -5.02956 -2.91192 83.8853 0.00257232 0.0628766 -0.00679914 0.997995
96 -4.93465 -2.92617 84.3134 0.00260871 0.0834232 -0.00675482 0.996488
97 -4.8173 -2.94236 84.7287 0.00261152 0.105833 -0.00649414 0.994359
98 -4.68094 -2.96185 85.1182 0.00329716 0.130034 -0.00731533 0.991477
99 -4.51919 -2.98055 85.5017 0.00458787 0.156765 -0.00741063 0.987597
100 -4.33634 -2.99523 85.8537 0.00553605 0.185091 -0.00709452 0.98268
101 -4.13009 -3.00685 86.2 0.00638079 0.214792 -0.00700664 0.976614
102 -3.90387 -3.01835 86.5259 0.00746579 0.245449 -0.00663367 0.969358
103 -3.65638 -3.03094 86.8121 0.00878 0.276538 -0.00508814 0.960949
104 -3.39307 -3.04814 87.0956 0.00934674 0.307254 -0.00433941 0.951572
105 -3.11539 -3.06336 87.345 0.00893725 0.337405 -0.0032442 0.941311
106 -2.8178 -3.07458 87.594 0.00760552 0.366945 -0.00312258 0.930206
107 -2.50814 -3.08446 87.8201 0.00737145 0.395652 -0.00228168 0.918368
108 -2.1826 -3.09315 88.0081 0.00850818 0.423343 -0.000773877 0.905929
109 -1.84764 -3.10354 88.188 0.0102424 0.449382 0.00212079 0.893279
110 -1.51106 -3.11657 88.3435 0.0102895 0.473999 0.00165967 0.880463
111 -1.16558 -3.12743 88.502 0.00938518 0.497745 -0.00023516 0.867273
112 -0.811071 -3.13803 88.6416 0.00971483 0.519471 -0.000812528 0.854432
113 -0.450022 -3.14626 88.748 0.011709 0.539039 0.00177869 0.842197
114 -0.0726836 -3.15046 88.84 0.0148794 0.556421 0.00913642 0.830717
115 0.302092 -3.15659 88.9305 0.0154409 0.571662 0.0121859 0.820253
116 0.676345 -3.16683 89.0232 0.0158457 0.58563 0.010833 0.810351
117 1.05089 -3.18517 89.125 0.0140641 0.598597 0.00504746 0.800911
118 1.43458 -3.206 89.2106 0.0134088 0.610278 0.00195393 0.792071
119 1.83291 -3.22211 89.2772 0.0144836 0.620531 0.0018062 0.784046
120 2.24074 -3.23422 89.3295 0.0171798 0.629776 0.00375474 0.776577
121 2.66275 -3.23219 89.3721 0.0227689 0.63755 0.00472978 0.770058
122 3.08976 -3.23311 89.419 0.0266047 0.645088 0.00300831 0.763639
123 3.53677 -3.24701 89.4722 0.0259562 0.651872 0.00183656 0.757883
124 4.00213 -3.2697 89.5206 0.0228873 0.65777 0.00264636 0.752866
125 4.47577 -3.29208 89.5561 0.0214177 0.6633 0.00399185 0.748036
126 4.96246 -3.31166 89.5834 0.0213407 0.668316 0.00562697 0.74355
127 5.46005 -3.32758 89.6033 0.0223026 0.672709 0.00737203 0.739534
128 5.97457 -3.34469 89.621 0.0236675 0.676515 0.00836599 0.736001
129 6.50462 -3.36274 89.6383 0.0246309 0.679606 0.00896632 0.733109
130 7.05038 -3.37977 89.6547 0.0253045 0.681801 0.00954377 0.731037
131 7.61409 -3.39497 89.6715 0.0262083 0.683914 0.0097045 0.729028
132 8.19796 -3.40931 89.6878 0.0266406 0.686209 0.00955832 0.726854
133 8.80091 -3.4262 89.7017 0.0274617 0.687886 0.0104422 0.725224
134 9.42023 -3.44228 89.7079 0.0279686 0.689127 0.0111248 0.724016
135 10.0598 -3.46029 89.7167 0.0281834 0.690375 0.0116588 0.722809
136 10.7146 -3.47765 89.7195 0.028474 0.691515 0.0124248 0.721694
137 11.3884 -3.4952 89.7215 0.0300116 0.691927 0.014175 0.721204
138 12.0746 -3.51162 89.7202 0.0313221 0.691822 0.015681 0.721218
139 12.7819 -3.52981 89.7273 0.0319583 0.691144 0.0163657 0.721824
140 13.505 -3.54954 89.7387 0.0329673 0.689957 0.0170946 0.722897
141 14.2439 -3.57004 89.7524 0.0332547 0.688594 0.017381 0.724176
142 15.0026 -3.59531 89.7763 0.0331473 0.687192 0.0184845 0.725484
143 15.7737 -3.6214 89.8053 0.0326333 0.685777 0.0189394 0.726833
144 16.5605 -3.64585 89.8434 0.0308991 0.684347 0.0186932 0.728262
145 17.3547 -3.66972 89.8836 0.0301816 0.6829 0.0186788 0.729649
146 18.1565 -3.69645 89.9295 0.029623 0.681475 0.0174975 0.731032
147 18.96 -3.727 89.9788 0.0301484 0.680296 0.0156102 0.73215
148 19.7682 -3.75863 90.0334 0.0304097 0.679925 0.011552 0.732559
149 20.5819 -3.78941 90.0828 0.0305692 0.680098 0.00961802 0.73242
150 21.3995 -3.8282 90.1324 0.029708 0.680103 0.00876041 0.732462
151 22.2173 -3.86964 90.1827 0.0277055 0.680194 0.00869768 0.732456
152 23.0343 -3.90879 90.2277 0.027806 0.680242 0.00921016 0.732402
153 23.8515 -3.94871 90.2737 0.026558 0.680209 0.00880726 0.732484
154 24.6666 -3.99188 90.3173 0.0259465 0.680354 0.00821675 0.732378
155 25.4784 -4.03155 90.365 0.0253301 0.680359 0.00706149 0.732407
156 26.2888 -4.07067 90.4115 0.0246796 0.680882 0.00561445 0.731956
157 27.1001 -4.11004 90.4578 0.0236316 0.681922 0.00461571 0.731028
158 27.9099 -4.14928 90.4992 0.022151 0.683392 0.00417934 0.729703
159 28.7218 -4.18937 90.5374 0.0204268 0.685224 0.00433801 0.728033
160 29.5334 -4.22771 90.568 0.0187438 0.687537 0.00445117 0.725894
161 30.3403 -4.26442 90.5889 0.01848 0.690276 0.00429261 0.723297
162 31.142 -4.29896 90.6026 0.0185829 0.693473 0.00377291 0.720233
163 31.9432 -4.33253 90.6041 0.0189803 0.697103 0.00372579 0.716711
164 32.7407 -4.3668 90.5983 0.0189796 0.700767 0.0044626 0.713124
165 33.5327 -4.40092 90.5865 0.0179967 0.704623 0.00466458 0.709338
166 34.3242 -4.43051 90.5624 0.0181506 0.708574 0.00542661 0.705382
167 35.1104 -4.46015 90.5296 0.0182027 0.712495 0.00559809 0.701418
168 35.8892 -4.49047 90.49 0.0184007 0.716387 0.00547647 0.697439
169 36.6636 -4.51981 90.4425 0.018608 0.720141 0.00500726 0.69356
170 37.4308 -4.54826 90.3867 0.0191615 0.72372 0.00496168 0.68981
171 38.1896 -4.57715 90.3236 0.0196472 0.727026 0.00504049 0.68631
172 38.9405 -4.60707 90.2516 0.019945 0.730335 0.00516006 0.682778
173 39.6836 -4.63515 90.1763 0.0201042 0.733594 0.00537175 0.679269
174 40.4188 -4.66402 90.0918 0.0204467 0.736529 0.00602088 0.67607
175 41.1457 -4.69221 90.0029 0.0204903 0.739027 0.00712648 0.673326
176 41.8632 -4.72176 89.9103 0.0209137 0.740821 0.0087448 0.67132
177 42.5748 -4.74658 89.8161 0.0213196 0.742125 0.0105648 0.669839
178 43.2746 -4.77001 89.724 0.0214679 0.743073 0.0116937 0.668764
179 43.9595 -4.79312 89.6344 0.0213722 0.743683 0.0121571 0.66808
180 44.6312 -4.81526 89.5465 0.0215457 0.744014 0.0122796 0.667704
181 45.285 -4.83706 89.4602 0.0223031 0.74376 0.0122151 0.667963
182 45.9228 -4.85868 89.3786 0.0231381 0.742849 0.012157 0.668949
183 46.5426 -4.8806 89.3065 0.023464 0.741189 0.0118483 0.670781
184 47.144 -4.90294 89.2445 0.0234664 0.738689 0.0113521 0.673542
185 47.7263 -4.92635 89.1933 0.0233019 0.734998 0.0108175 0.677583
186 48.2888 -4.95004 89.1528 0.0233045 0.730401 0.010525 0.68254
187 48.8315 -4.97312 89.1269 0.023457 0.724755 0.00954239 0.688541
188 49.3665 -5.00141 89.1211 0.0240921 0.717596 0.00796161 0.695997
189 49.8938 -5.02998 89.1302 0.0247172 0.709204 0.0060564 0.704544
190 50.4167 -5.05648 89.1484 0.0249156 0.699409 0.00462455 0.714272
191 50.9394 -5.0837 89.1915 0.024509 0.687642 0.00394924 0.725626
192 51.4568 -5.11112 89.2559 0.0235944 0.673918 0.00422203 0.738417
193 51.9638 -5.13996 89.3356 0.0219734 0.658457 0.00455325 0.752284
194 52.4641 -5.16831 89.4509 0.0195118 0.641437 0.00496029 0.766912
195 52.9598 -5.19789 89.5927 0.0169263 0.622665 0.00444374 0.782293
196 53.4306 -5.22839 89.7504 0.0150901 0.602157 0.00347969 0.798228
197 53.8894 -5.25406 89.9453 0.0147508 0.579424 0.0028858 0.814887
198 54.3315 -5.28104 90.1642 0.0163612 0.554256 0.0031763 0.83218
199 54.7389 -5.30776 90.3886 0.0185471 0.527064 0.00218708 0.849621
200 55.1332 -5.33687 90.661 0.0215343 0.498411 0.00128297 0.866672
201 55.4915 -5.36211 90.9416 0.0225882 0.468749 -0.00132945 0.883042
202 55.8359 -5.38974 91.2711 0.0231527 0.438371 -0.00363271 0.898489
203 56.1585 -5.41817 91.6203 0.0239204 0.407329 -0.00459548 0.912957
204 56.4485 -5.44805 91.9661 0.0238525 0.376119 -0.00449127 0.926253
205 56.7224 -5.47911 92.356 0.021428 0.34478 -0.0041945 0.938429
206 56.9679 -5.51053 92.7649 0.0180826 0.313132 -0.0035081 0.949531
207 57.1753 -5.53945 93.1713 0.0150624 0.282063 -0.00354285 0.959271
208 57.37 -5.56445 93.6106 0.0116547 0.25242 -0.00327371 0.967542
209 57.5399 -5.59099 94.0612 0.00858172 0.225084 -0.00442402 0.974292
210 57.6844 -5.61267 94.508 0.00674509 0.200352 -0.00578383 0.979684
211 57.8124 -5.62802 94.9816 0.00462684 0.179424 -0.00936889 0.983716
212 57.9272 -5.63849 95.4469 0.0050581 0.161062 -0.0116761 0.986862
213 58.0418 -5.6485 95.9249 0.00525748 0.145084 -0.0128908 0.989321
214 58.1622 -5.66198 96.4022 0.00578868 0.133458 -0.00996728 0.990987
215 58.2773 -5.68014 96.8844 0.00562228 0.125275 -0.00848401 0.99207
216 58.3833 -5.69261 97.3804 0.00557903 0.118888 -0.0105513 0.992836
217 58.4869 -5.69871 97.8881 0.00510014 0.11397 -0.0133813 0.993381
218 58.5895 -5.71288 98.4035 0.00536879 0.111001 -0.0169486 0.993661
219 58.6967 -5.73231 98.9283 0.00698446 0.10955 -0.0200106 0.993755
220 58.814 -5.75614 99.4609 0.00789708 0.109168 -0.0207214 0.993776
221 58.9404 -5.77849 100.002 0.0094439 0.110328 -0.0201203 0.993647
222 59.0745 -5.79789 100.55 0.0131185 0.112366 -0.0187753 0.993403
223 59.2098 -5.81856 101.111 0.0157423 0.114429 -0.018398 0.993136
224 59.3432 -5.84477 101.693 0.0150067 0.116709 -0.0208671 0.992833
225 59.4798 -5.87267 102.285 0.0128364 0.119603 -0.0228607 0.992476
226 59.6355 -5.90097 102.888 0.010691 0.122049 -0.0215679 0.992232
227 59.7988 -5.92807 103.5 0.00796229 0.123943 -0.019597 0.992064
228 59.9645 -5.95355 104.124 0.00569364 0.125714 -0.0185197 0.991877
229 60.1342 -5.97519 104.754 0.00546831 0.127261 -0.016312 0.99172
230 60.3091 -5.99825 105.392 0.00705647 0.127505 -0.0142789 0.99171
231 60.4808 -6.02307 106.035 0.0102594 0.127278 -0.0134846 0.991722
232 60.6497 -6.04902 106.692 0.0141745 0.126865 -0.0138614 0.991722
233 60.8191 -6.07556 107.364 0.0162917 0.125702 -0.015508 0.991813
234 60.9951 -6.10315 108.055 0.0141768 0.124463 -0.0150524 0.992009
235 61.1772 -6.13544 108.761 0.0106943 0.123651 -0.01317 0.992181
236 61.3551 -6.16881 109.478 0.00713599 0.122414 -0.0137879 0.992358
237 61.5276 -6.19802 110.2 0.00728957 0.12149 -0.0154191 0.992446
238 61.6963 -6.22533 110.93 0.00928566 0.120563 -0.0182447 0.992495
239 61.8741 -6.2523 111.669 0.0120014 0.118638 -0.0184381 0.992694
240 62.0531 -6.28202 112.421 0.0136252 0.116543 -0.0178741 0.992931
241 62.2342 -6.31524 113.189 0.0129544 0.114634 -0.0169954 0.993178
242 62.4176 -6.35141 113.965 0.0124603 0.112816 -0.0148693 0.993426
243 62.6002 -6.3874 114.755 0.0110379 0.111905 -0.014269 0.993555
244 62.7848 -6.41933 115.564 0.00984937 0.111114 -0.0128709 0.993675
245 62.9737 -6.45051 116.373 0.00950421 0.11077 -0.0102499 0.993748
246 63.1574 -6.48394 117.193 0.00872385 0.110451 -0.0106307 0.993786
247 63.3346 -6.51759 118.012 0.0094606 0.110751 -0.0130062 0.993718
248 63.5125 -6.55103 118.836 0.0107389 0.111072 -0.0159453 0.993626
249 63.6913 -6.58332 119.666 0.0110765 0.111472 -0.0197946 0.993509
250 63.8703 -6.61974 120.503 0.0102814 0.112885 -0.0234197 0.993279
