1 -0.0197301 -0.00523678 1.20073 0.00343222 -0.00981528 -0.00533388 0.999932
2 0.0130779 -0.0100343 1.42024 0.00399668 -0.0138544 -0.00632574 0.999876
3 0.0335609 -0.0276425 1.63815 0.00318365 -0.0170774 -0.00843298 0.999814
4 0.0606916 -0.049928 1.86267 0.000880676 -0.0205908 -0.00881176 0.999749
5 0.0941001 -0.071128 2.09255 -0.0013055 -0.0246756 -0.00960138 0.999649
6 0.071924 -0.0569421 2.36589 -0.00231861 -0.0264436 -0.00756254 0.999619
7 0.0457778 -0.0579258 2.64329 -0.0021139 -0.0278206 -0.00799438 0.999579
8 0.0266379 -0.061883 2.92957 -0.00233004 -0.029236 -0.00762983 0.999541
9 0.0120121 -0.0589437 3.23032 -0.00176741 -0.0309684 -0.00573055 0.999502
10 -0.000444207 -0.0581706 3.52299 -0.00207686 -0.0328894 -0.00552597 0.999442
11 -0.0162855 -0.0567631 3.82216 -0.00178019 -0.0344211 -0.00458738 0.999395
12 -0.0375021 -0.0563497 4.11915 -0.00036099 -0.0359895 -0.00574173 0.999336
13 -0.0580917 -0.0588871 4.42064 0.000893237 -0.0373946 -0.00565865 0.999284
14 -0.0836806 -0.061354 4.71732 0.00174845 -0.0386055 -0.00741259 0.999226
15 -0.109567 -0.062422 5.02219 0.00179631 -0.0397416 -0.00804029 0.999176
16 -0.136825 -0.0662537 5.32823 0.000824062 -0.0409457 -0.00713044 0.999136
17 -0.153488 -0.0604258 5.62485 0.000286166 -0.0426043 -0.00628755 0.999072
18 -0.172501 -0.0615817 5.92472 0.000338689 -0.0439306 -0.0058106 0.999018
19 -0.196553 -0.0583815 6.23011 0.00079492 -0.0456949 -0.00466821 0.998944
20 -0.223917 -0.05406 6.53392 0.00145192 -0.0468328 -0.00298175 0.998897
21 -0.247514 -0.0516936 6.83454 0.0006494 -0.0479995 -0.00199143 0.998845
22 -0.271891 -0.0481619 7.13474 -0.000852459 -0.0488945 -0.00174695 0.998802
23 -0.297746 -0.0448993 7.43277 -0.0024689 -0.0492155 -0.001482 0.998784
24 -0.326599 -0.036028 7.73654 -0.00364777 -0.0492265 0.000159995 0.998781
25 -0.346749 -0.0285135 8.03603 -0.00362585 -0.049633 0.000845201 0.998761
26 -0.372958 -0.0213452 8.33707 -0.00191586 -0.0497714 0.00189741 0.998757
27 -0.399743 -0.0159228 8.63648 0.000553417 -0.0501439 0.0027347 0.998738
28 -0.422211 -0.0137569 8.93932 0.00231245 -0.050808 0.00364962 0.998699
29 -0.44883 -0.0121199 9.24276 0.0016676 -0.051382 0.00589886 0.99866
30 -0.475246 -0.0110368 9.54701 -0.00100538 -0.0526251 0.00778982 0.998583
31 -0.499529 -0.00985635 9.84941 -0.00303874 -0.0542621 0.0113142 0.998458
32 -0.523711 -0.00840245 10.1513 -0.00283309 -0.0560432 0.0157026 0.998301
33 -0.550443 -0.00738241 10.4488 -0.00115119 -0.0580492 0.0179294 0.998152
34 -0.581784 -0.00730695 10.745 0.00105636 -0.059801 0.0180417 0.998047
35 -0.6135 -0.00588212 11.0341 0.00177123 -0.0617574 0.0177423 0.997932
36 -0.650768 -0.00330957 11.328 0.00158851 -0.0629149 0.0181095 0.997853
37 -0.686496 -0.000647465 11.6198 0.000717817 -0.0644871 0.0170328 0.997773
38 -0.720163 0.00225877 11.9057 0.000420885 -0.066233 0.0175912 0.997649
39 -0.758619 0.00902844 12.1943 -4.84541e-06 -0.0675951 0.0171626 0.997565
40 -0.79657 0.0138185 12.475 -0.000921233 -0.0683032 0.0177857 0.997506
41 -0.838055 0.0191355 12.7543 -0.00141205 -0.0693912 0.015936 0.997461
42 -0.879983 0.027973 13.0336 -0.000250137 -0.0702088 0.0168703 0.99739
43 -0.922862 0.0316351 13.3109 0.00110222 -0.070817 0.0176158 0.997333
44 -0.966888 0.0311498 13.5881 0.00244388 -0.071635 0.017054 0.997282
45 -1.00299 0.0333592 13.8535 0.00259712 -0.0731852 0.0185543 0.997142
46 -1.03866 0.0395142 14.1187 0.00220041 -0.0749936 0.0215526 0.996949
47 -1.08005 0.0447103 14.3826 0.00210536 -0.0764636 0.0227378 0.996811
48 -1.12149 0.0514074 14.6398 0.00446634 -0.0775149 0.0232754 0.996709
49 -1.16349 0.0487108 14.8928 0.00665992 -0.0787853 0.0236431 0.996589
50 -1.21095 0.0533592 15.1493 0.00785722 -0.0798707 0.0249246 0.996463
51 -1.25344 0.052157 15.3978 0.00591826 -0.0807862 0.027406 0.996337
52 -1.29448 0.0528808 15.6433 0.00449191 -0.0820101 0.0300141 0.996169
53 -1.33807 0.0581009 15.8849 0.00431375 -0.0829934 0.0336103 0.995974
54 -1.38192 0.0598261 16.1224 0.00521367 -0.083947 0.0364408 0.99579
55 -1.42253 0.0627821 16.356 0.00616684 -0.0854231 0.0392537 0.995552
56 -1.46694 0.0579594 16.5849 0.00546206 -0.0867959 0.0408803 0.995372
57 -1.52686 0.0628692 16.8208 0.00449695 -0.0875549 0.0432862 0.995209
58 -1.57759 0.0639197 17.0472 0.00235148 -0.0883497 0.0448552 0.995076
59 -1.62611 0.0687586 17.2649 0.00154493 -0.0892437 0.0464687 0.994924
60 -1.68129 0.0744158 17.4776 0.00461221 -0.0897745 0.047599 0.994813
61 -1.73725 0.0712663 17.6877 0.00894682 -0.090122 0.0476046 0.994752
62 -1.79579 0.0693789 17.8937 0.0120527 -0.0900755 0.0480829 0.994701
63 -1.85296 0.0682365 18.0921 0.0124246 -0.0902063 0.0470408 0.994734
64 -1.89968 0.074247 18.2789 0.0122159 -0.0909254 0.048877 0.994583
65 -1.95688 0.0719156 18.471 0.0120063 -0.0911199 0.0486698 0.994577
66 -2.00751 0.0711153 18.6488 0.0126403 -0.0913922 0.0494607 0.994506
67 -2.06039 0.0674719 18.8221 0.0128349 -0.0917662 0.0489535 0.994494
68 -2.11278 0.0650091 18.9896 0.0129614 -0.0919093 0.0497451 0.99444
69 -2.16118 0.0629614 19.1464 0.0131113 -0.0921318 0.0506448 0.994372
70 -2.20981 0.0578937 19.3012 0.0127753 -0.0921503 0.0515772 0.994326
71 -2.25816 0.0561598 19.4501 0.0120119 -0.0920318 0.0511737 0.994368
72 -2.30788 0.054104 19.5967 0.0104305 -0.091913 0.0511493 0.994398
73 -2.35556 0.0556425 19.734 0.0103992 -0.0916648 0.0507258 0.994443
74 -2.38647 0.0429787 19.8767 0.012291 -0.0926313 0.049614 0.994388
75 -2.41688 0.0353399 20.0143 0.0160452 -0.0934254 0.0498841 0.994246
76 -2.45179 0.0312374 20.1488 0.0194446 -0.0938997 0.0508147 0.994094
77 -2.4886 0.0276838 20.2802 0.0205962 -0.0938539 0.050969 0.994067
78 -2.52712 0.0237035 20.4075 0.0194953 -0.0938513 0.0499572 0.994141
79 -2.56483 0.0195079 20.5298 0.0190236 -0.0941 0.0501514 0.994117
80 -2.59704 0.0184844 20.6486 0.0216317 -0.0944486 0.0520096 0.993935
81 -2.62932 0.0118889 20.7634 0.0241356 -0.0939668 0.0563212 0.993688
82 -2.66209 0.00159551 20.8737 0.026212 -0.0929315 0.0584701 0.993609
83 -2.6946 -0.00866079 20.9815 0.026296 -0.090998 0.0573472 0.993851
84 -2.7252 -0.0123839 21.0868 0.0253905 -0.0887818 0.0558361 0.994161
85 -2.75722 -0.0166732 21.1916 0.0242831 -0.0861921 0.0571121 0.994344
86 -2.78641 -0.0195182 21.2937 0.0227034 -0.0831225 0.0593911 0.994509
87 -2.81315 -0.0184384 21.3915 0.0219979 -0.0789097 0.0625238 0.994676
88 -2.84233 -0.0244584 21.489 0.0223862 -0.0729132 0.061227 0.995205
89 -2.87126 -0.030041 21.5817 0.0226515 -0.0645916 0.0590992 0.995903
90 -2.88359 -0.0467342 21.6735 0.0206174 -0.0563504 0.0570845 0.996565
91 -2.8953 -0.0538773 21.7611 0.0195468 -0.0458864 0.0582777 0.997054
92 -2.8953 -0.0569942 21.8451 0.0182817 -0.0344997 0.0603529 0.997413
93 -2.89425 -0.0569991 21.9272 0.0174119 -0.0211846 0.0612789 0.997744
94 -2.89125 -0.0569635 22.0063 0.0162313 -0.00619774 0.0617625 0.99794
95 -2.88356 -0.0569615 22.0839 0.0152408 0.0108379 0.0621513 0.997892
96 -2.87416 -0.055109 22.1572 0.0147166 0.0301552 0.0624975 0.997481
97 -2.85901 -0.0548825 22.2239 0.0135093 0.050748 0.0629742 0.996633
98 -2.84284 -0.0544885 22.2874 0.0133643 0.0738527 0.0621213 0.995243
99 -2.82178 -0.054402 22.3453 0.0130084 0.0991003 0.0618666 0.993067
100 -2.79924 -0.0547944 22.3984 0.012045 0.12637 0.0621412 0.989962
101 -2.77473 -0.0548177 22.4448 0.0105446 0.154977 0.0623352 0.985893
102 -2.74589 -0.0546118 22.4902 0.00918203 0.184714 0.0631361 0.980719
103 -2.71747 -0.0550993 22.5338 0.00744055 0.21587 0.0642187 0.97428
104 -2.68752 -0.0556822 22.5763 0.00495944 0.247156 0.064097 0.966841
105 -2.65436 -0.0563273 22.6168 0.00138125 0.277522 0.0643856 0.958558
106 -2.62024 -0.0558952 22.6564 -0.00314967 0.307943 0.0631114 0.949304
107 -2.585 -0.055747 22.691 -0.0064274 0.337568 0.063118 0.939161
108 -2.5492 -0.0557502 22.7265 -0.00883556 0.367085 0.0635294 0.927973
109 -2.51121 -0.0531968 22.7568 -0.00954171 0.394562 0.0652849 0.916497
110 -2.47351 -0.051286 22.7867 -0.0119529 0.420495 0.0635815 0.904986
111 -2.43554 -0.0497918 22.8127 -0.0152692 0.4456 0.0607614 0.893037
112 -2.39564 -0.0464645 22.8337 -0.0164531 0.46813 0.0595071 0.8815
113 -2.35446 -0.0410445 22.8525 -0.0155556 0.488331 0.0619165 0.87032
114 -2.31155 -0.03621 22.87 -0.0142604 0.506879 0.0685301 0.859171
115 -2.27008 -0.0314255 22.887 -0.0154585 0.522767 0.0707021 0.849398
116 -2.22798 -0.0269599 22.9044 -0.0158261 0.537441 0.0685096 0.840365
117 -2.18571 -0.0232762 22.9228 -0.017873 0.551258 0.0620919 0.831829
118 -2.14338 -0.0200325 22.9382 -0.0189873 0.563483 0.0588408 0.823811
119 -2.09926 -0.0161981 22.9521 -0.0187861 0.574492 0.058542 0.816197
120 -2.05341 -0.0119999 22.9639 -0.0165668 0.584285 0.0602856 0.809136
121 -2.00667 -0.00628811 22.976 -0.012256 0.593011 0.0607292 0.802807
122 -1.95847 -0.000430401 22.987 -0.00966031 0.601132 0.0590468 0.796907
123 -1.90973 0.00450954 23.0002 -0.0110499 0.60815 0.0574733 0.791661
124 -1.85652 0.00878443 23.0124 -0.0140895 0.614025 0.057853 0.787038
125 -1.80317 0.0134513 23.0233 -0.0158437 0.619547 0.0586706 0.782603
126 -1.74734 0.0191882 23.0347 -0.0162583 0.624683 0.0601189 0.778391
127 -1.68936 0.0253297 23.0448 -0.0155563 0.629097 0.061598 0.774726
128 -1.63016 0.0315693 23.0559 -0.0145458 0.633192 0.062392 0.771339
129 -1.56938 0.0383874 23.0668 -0.0137065 0.636314 0.0626867 0.768757
130 -1.50731 0.0448955 23.0764 -0.0131608 0.638235 0.0629668 0.76715
131 -1.4422 0.0516878 23.0865 -0.0125567 0.640196 0.0628689 0.765532
132 -1.37465 0.0585083 23.0985 -0.012354 0.642534 0.0627402 0.763584
133 -1.30665 0.065333 23.1089 -0.0117781 0.644093 0.0633152 0.762231
134 -1.2355 0.0719854 23.1203 -0.0114232 0.645191 0.0638849 0.76126
135 -1.16243 0.0792555 23.1313 -0.0114291 0.646175 0.064273 0.760392
136 -1.08677 0.086707 23.1425 -0.0109342 0.646921 0.0652479 0.759681
137 -1.00896 0.0947109 23.1542 -0.00938488 0.647119 0.067233 0.759361
138 -0.931871 0.103433 23.1658 -0.00812916 0.646567 0.0684778 0.759734
139 -0.851429 0.111609 23.179 -0.0073685 0.645565 0.0691874 0.760529
140 -0.771026 0.120094 23.1919 -0.00627225 0.64391 0.0701227 0.761855
141 -0.68774 0.129065 23.2072 -0.00599108 0.642109 0.0704563 0.763345
142 -0.602078 0.138058 23.2224 -0.00577603 0.640365 0.0716195 0.764703
143 -0.515544 0.14766 23.2386 -0.0059715 0.638629 0.0721266 0.766104
144 -0.426339 0.156542 23.2562 -0.0075145 0.636749 0.0718237 0.767682
145 -0.338084 0.165424 23.2742 -0.00794177 0.63513 0.0719101 0.76901
146 -0.250407 0.174077 23.2932 -0.00823746 0.633534 0.0706022 0.770443
147 -0.16077 0.182896 23.3118 -0.00709307 0.632453 0.068495 0.771532
148 -0.0724349 0.192887 23.3322 -0.00656543 0.631902 0.0646206 0.772322
149 0.0173882 0.201876 23.3522 -0.00613713 0.632171 0.0623773 0.77229
150 0.108886 0.210391 23.3736 -0.00691347 0.632377 0.0614613 0.772187
151 0.199166 0.218189 23.3942 -0.00848387 0.632345 0.0608812 0.772245
152 0.289804 0.225728 23.4139 -0.00855798 0.632528 0.0614949 0.772045
153 0.380016 0.233377 23.4324 -0.00950304 0.632228 0.0607449 0.772339
154 0.470591 0.241332 23.4527 -0.00980282 0.632047 0.0599328 0.772547
155 0.561488 0.248769 23.4718 -0.0104872 0.632028 0.0584863 0.772664
156 0.651122 0.256272 23.4922 -0.0108949 0.632669 0.0569545 0.772249
157 0.741171 0.26371 23.5125 -0.0120297 0.633684 0.0559923 0.771469
158 0.83131 0.27098 23.5328 -0.0135615 0.635426 0.055239 0.770064
159 0.922398 0.279299 23.552 -0.0150537 0.637231 0.0552353 0.768543
160 1.011 0.287009 23.5707 -0.0165588 0.639764 0.0550211 0.766421
161 1.10106 0.295049 23.5882 -0.0166487 0.642756 0.0547582 0.76393
162 1.18959 0.302566 23.6048 -0.0165826 0.646274 0.0542981 0.76099
163 1.27712 0.31026 23.6199 -0.0167236 0.650231 0.0540872 0.757625
164 1.36613 0.318228 23.6346 -0.0169413 0.654307 0.054725 0.754056
165 1.4535 0.325699 23.6489 -0.0180503 0.658487 0.0544117 0.750405
166 1.54095 0.333396 23.6609 -0.0182332 0.66275 0.0549915 0.746596
167 1.6282 0.341333 23.6735 -0.018315 0.667115 0.054751 0.742714
168 1.71388 0.349117 23.6835 -0.0182369 0.67146 0.0544604 0.738812
169 1.79889 0.357633 23.6927 -0.0180549 0.675527 0.0539475 0.735137
170 1.88229 0.365924 23.7018 -0.0174636 0.679497 0.053859 0.73149
171 1.96697 0.374511 23.7099 -0.0173651 0.683414 0.0533944 0.727869
172 2.04947 0.382082 23.7178 -0.0173066 0.68727 0.0532026 0.724244
173 2.13221 0.389171 23.7242 -0.0171853 0.690922 0.0533487 0.720753
174 2.21405 0.397209 23.73 -0.0170859 0.6943 0.0537651 0.717471
175 2.29355 0.40482 23.7351 -0.016974 0.697261 0.0546884 0.714526
176 2.37152 0.412946 23.7395 -0.0166756 0.699525 0.056155 0.712203
177 2.45152 0.42123 23.7429 -0.0159937 0.701132 0.058155 0.710476
178 2.52923 0.428741 23.7457 -0.0161188 0.702292 0.0588623 0.709268
179 2.6063 0.436295 23.7484 -0.0162298 0.703102 0.0592126 0.708433
180 2.68004 0.443812 23.7506 -0.0157196 0.703529 0.0593021 0.708014
181 2.75254 0.4524 23.7519 -0.0144979 0.703323 0.0592265 0.708251
182 2.82188 0.458914 23.7545 -0.0134531 0.702481 0.0588998 0.709133
183 2.88994 0.465306 23.7566 -0.0130253 0.700851 0.0586755 0.710771
184 2.95352 0.471099 23.7604 -0.0125035 0.698078 0.0583048 0.713534
185 3.01677 0.476813 23.7631 -0.0122747 0.694181 0.0579162 0.717362
186 3.07596 0.481721 23.7689 -0.0118776 0.689321 0.0576811 0.722059
187 3.13453 0.486579 23.7736 -0.0109716 0.683236 0.057043 0.727884
188 3.19016 0.490973 23.7804 -0.00977792 0.675568 0.05579 0.735119
189 3.24438 0.49566 23.7897 -0.00829082 0.666826 0.0542087 0.743193
190 3.29862 0.499605 23.8003 -0.00720885 0.656395 0.0533599 0.752493
191 3.35114 0.503825 23.8118 -0.00677579 0.643917 0.0531983 0.763214
192 3.40465 0.50693 23.8267 -0.00677026 0.629541 0.0541686 0.775047
193 3.4569 0.51043 23.8437 -0.00748425 0.613174 0.0550191 0.787994
194 3.50771 0.514094 23.8634 -0.00835512 0.595135 0.0559076 0.801635
195 3.55766 0.517533 23.8857 -0.00972088 0.575375 0.0556993 0.815933
196 3.60643 0.521144 23.9099 -0.00972663 0.553612 0.055479 0.830868
197 3.65218 0.524462 23.9368 -0.00831657 0.529895 0.0554975 0.846204
198 3.69483 0.52716 23.9666 -0.0050816 0.503678 0.0563467 0.862037
199 3.73524 0.529418 23.9985 -0.000479093 0.47566 0.0562655 0.877828
200 3.77336 0.529984 24.0322 0.00431506 0.445964 0.056803 0.893236
201 3.80793 0.531746 24.0694 0.00762556 0.41542 0.0546926 0.907952
202 3.84025 0.532384 24.1103 0.0102278 0.384212 0.0531033 0.92166
203 3.8698 0.53221 24.1512 0.0130059 0.352342 0.0530855 0.934274
204 3.89893 0.531809 24.196 0.014765 0.320111 0.0537757 0.945737
205 3.92389 0.530988 24.2429 0.0141548 0.287899 0.0542012 0.956021
206 3.94648 0.529811 24.2911 0.0129096 0.255271 0.055566 0.965185
207 3.96572 0.529073 24.3412 0.0117816 0.223443 0.0552092 0.973081
208 3.98208 0.52779 24.3935 0.0102037 0.193244 0.0559347 0.979502
209 3.99608 0.526419 24.4459 0.00914713 0.165134 0.0545256 0.98472
210 4.00823 0.524755 24.5003 0.00882105 0.140149 0.0529044 0.988677
211 4.01763 0.523045 24.555 0.00849227 0.118863 0.049398 0.991645
212 4.02548 0.522646 24.6107 0.010315 0.100486 0.0472026 0.993765
213 4.0334 0.521458 24.6674 0.0112898 0.0844178 0.0458487 0.995311
214 4.0428 0.519579 24.7254 0.0121911 0.07275 0.0486604 0.996088
215 4.05105 0.517903 24.785 0.0127609 0.0646263 0.0498546 0.996582
216 4.05796 0.516722 24.8447 0.0133589 0.0578984 0.0481924 0.997069
217 4.06308 0.516299 24.9057 0.0134857 0.0531354 0.0449263 0.997485
218 4.069 0.515004 24.9684 0.014247 0.0499053 0.0414145 0.997793
219 4.07597 0.51244 25.0314 0.0159261 0.0483535 0.0387151 0.997953
220 4.08164 0.507498 25.0967 0.0166552 0.0483498 0.0378419 0.997974
221 4.08916 0.505161 25.1647 0.0184586 0.0498604 0.0388599 0.997829
222 4.09667 0.503201 25.2346 0.0215782 0.0523829 0.0399769 0.997593
223 4.10623 0.501989 25.3053 0.024186 0.0545626 0.0404599 0.997397
224 4.1162 0.49764 25.3758 0.0233987 0.0565708 0.0381269 0.997396
225 4.12641 0.494987 25.45 0.0211439 0.0592379 0.0362281 0.997362
226 4.13893 0.491689 25.5242 0.0186494 0.0612038 0.037504 0.997246
227 4.15168 0.488803 25.601 0.0158083 0.0629146 0.0392443 0.997122
228 4.16584 0.486796 25.6772 0.0135965 0.0643561 0.0401671 0.997026
229 4.18135 0.484915 25.7559 0.0133415 0.0653914 0.0426488 0.996859
230 4.19577 0.483813 25.8341 0.0151466 0.0654093 0.0442791 0.996761
231 4.21093 0.482084 25.9138 0.0188022 0.0650729 0.0451714 0.99668
232 4.22387 0.480736 25.9936 0.0221804 0.064798 0.0442024 0.996672
233 4.23762 0.478343 26.0746 0.024134 0.0631521 0.0431791 0.996777
234 4.25216 0.476393 26.1578 0.0222046 0.0613667 0.0437693 0.996908
235 4.2669 0.474395 26.2415 0.0186619 0.060035 0.0449961 0.997007
236 4.2803 0.472336 26.3261 0.0158657 0.0584056 0.0437622 0.997207
237 4.29366 0.470715 26.4116 0.0162742 0.0572498 0.0413662 0.99737
238 4.30668 0.469265 26.4969 0.0187139 0.0559934 0.0387357 0.997504
239 4.32004 0.467335 26.582 0.0215626 0.0537416 0.0385349 0.997578
240 4.33313 0.466443 26.6686 0.023493 0.0514744 0.0389728 0.997637
241 4.3477 0.465698 26.7565 0.023328 0.0489712 0.0395158 0.997746
242 4.3635 0.464869 26.8447 0.0230851 0.0463565 0.0413437 0.997802
243 4.38111 0.46427 26.9333 0.0225198 0.0441477 0.041497 0.997909
244 4.39437 0.455953 27.0258 0.0207337 0.0431627 0.0429673 0.997928
245 4.4073 0.451164 27.1193 0.0201955 0.0427188 0.0454394 0.997849
246 4.42099 0.445434 27.2131 0.0191788 0.0418567 0.0447976 0.997935
247 4.43314 0.442562 27.307 0.0204235 0.0417459 0.0424264 0.998018
248 4.44445 0.439207 27.4012 0.0220515 0.0419339 0.0394644 0.998097
249 4.45618 0.432964 27.4962 0.022304 0.042154 0.0347578 0.998257
250 4.46797 0.427598 27.5934 0.0216764 0.0434767 0.0314434 0.998324
