100 784
162 389
251 917
158 399
92 793
290 941
223 391
102 284
67 782
86 259
56 797
95 824
200 446
66 822
216 543
196 536
291 929
202 545
178 490
292 907
109 219
44 810
121 227
117 775
66 800
153 357
75 823
33 786
290 920
82 812
212 421
150 937
215 430
118 372
148 372
153 832
227 314
32 945
15 954
25 954
210 411
152 284
193 546
105 275
113 314
18 864
201 412
104 249
96 236
113 917
18 1145
138 936
149 396
126 314
21 1122
112 359
74 945
88 853
129 936
155 775
151 893
18 1134
59 190
134 181
130 393
211 398
106 341
29 763
81 128
45 853
66 126
134 368
188 247
104 319
179 153
152 872
197 317
256 970
191 393
17 839
210 447
187 183
221 420
74 212
184 213
175 173
65 1201
84 837
183 312
153 808
154 141
71 233
107 955
94 959
202 196
166 343
99 328
60 175
136 765
38 1195
157 842
183 200
143 866
195 326
11 1123
135 157
222 254
89 288
112 305
240 965
147 316
129 905
225 291
232 388
192 201
197 884
218 552
125 325
293 898
160 236
133 166
91 941
164 309
145 470
73 773
133 350
198 308
201 205
134 810
125 914
201 403
134 927
201 437
38 646
95 802
211 177
158 132
61 1236
157 345
145 768
14 1154
146 336
185 321
51 674
171 191
143 147
89 466
186 336
15 678
29 649
189 433
10 643
271 746
164 141
91 815
140 902
112 932
40 1236
177 240
122 305
39 671
170 156
11 705
228 400
133 232
143 927
166 178
189 411
223 411
125 361
228 550
282 931
141 325
132 750
15 814
36 856
31 695
7 689
20 651
54 845
145 138
113 323
31 730
260 917
57 702
134 198
65 723
69 173
6 672
249 372
54 855
153 817
58 628
212 250
205 530
40 624
223 382
49 612
51 470
69 605
144 810
70 936
47 1194
225 263
6 319
201 374
125 949
49 1234
81 475
203 360
87 704
11 652
52 642
18 326
205 557
8 309
135 801
14 353
49 626
108 732
46 696
70 631
20 699
21 432
65 693
338 820
249 674
15 662
108 296
71 198
204 347
60 166
47 1203
367 1127
281 941
265 706
65 478
275 717
178 182
74 484
102 674
220 534
225 642
66 340
155 689
83 634
251 690
20 401
82 1212
283 911
24 360
220 447
102 410
155 336
143 177
30 440
36 685
88 713
242 552
103 756
9 328
26 660
42 453
158 755
31 452
77 684
22 410
285 701
69 369
99 736
6 298
266 550
48 126
16 376
63 350
155 150
52 386
151 230
51 278
99 428
125 807
174 307
75 454
218 462
189 303
43 393
201 387
147 307
138 309
89 457
90 420
144 156
59 364
118 755
63 452
74 439
193 192
68 412
29 205
41 471
290 288
94 357
10 219
113 251
145 759
184 840
29 395
90 448
101 396
99 439
6 819
254 860
314 552
129 334
111 417
91 408
28 228
266 504
56 289
257 551
77 382
98 367
52 443
32 416
184 349
28 348
260 718
198 745
18 388
270 517
111 228
256 701
98 383
150 293
115 637
100 632
80 466
61 385
274 634
64 714
333 535
100 615
302 230
47 293
244 393
104 824
14 344
40 615
55 429
27 385
276 708
34 431
186 238
164 686
42 265
56 461
87 439
99 419
371 1219
119 350
40 384
162 191
80 430
108 429
181 226
75 340
40 444
77 408
94 664
261 728
145 687
141 750
245 859
220 328
19 642
25 369
253 325
188 151
263 608
205 757
68 469
156 182
112 609
33 339
23 419
68 421
68 403
331 549
59 404
293 597
64 432
51 169
306 668
260 961
117 293
45 357
253 295
227 604
198 226
35 324
89 382
176 130
247 974
41 409
117 733
175 339
49 377
225 666
215 586
18 258
43 314
6 250
122 628
214 561
20 212
15 228
210 205
251 846
44 434
184 258
317 614
176 144
332 623
74 716
335 1210
234 648
101 598
272 726
90 755
47 117
50 412
19 267
203 187
54 348
64 442
177 330
280 497
224 510
82 399
280 645
209 746
104 662
183 280
78 417
279 289
229 559
181 294
265 639
189 688
348 831
22 455
238 726
292 555
126 731
156 325
43 425
31 404
142 893
42 462
100 219
57 336
6 830
59 374
357 822
92 602
171 387
225 687
224 657
37 375
243 168
134 1015
341 1018
171 230
249 959
142 168
339 560
210 690
15 198
282 611
367 438
238 374
247 699
249 626
102 701
367 1104
200 421
68 702
100 723
264 864
357 1209
260 851
9 280
133 630
174 317
270 266
371 484
366 1159
52 395
224 629
30 263
284 636
6 203
145 696
311 681
110 390
20 167
340 850
239 461
51 452
321 543
308 659
231 226
108 741
220 281
345 877
247 381
