3.8784 -1.8693 15.769
-10.405 -1.1071 34.28
3.1824 0.67575 7.3843
-9.5623 -1.25 33.017
4.0419 -2.0277 15.637
3.41 1.0704 7.3434
-7.7115 1.3478 25.641
-8.9746 -2.3108 19.962
3.9624 -2.6796 16.294
-8.4871 -2.4183 17.522
4.1111 -2.7987 15.57
4.8804 -2.0308 16.182
-7.211 0.66138 32.158
4.5797 -2.5417 15.326
-2.3048 1.1053 25.81
-2.5702 0.38933 25.952
3.2793 1.078 7.3253
-2.2285 0.60141 25.758
-0.91906 -0.056588 5.6375
3.057 1.0888 7.3298
-10.18 -1.9987 18.851
4.7079 -3.2782 16.687
-9.9248 -1.6763 18.766
4.0254 -1.6364 17.244
4.2797 -2.6462 15.956
-12.296 -1.5833 35.33
4.8305 -2.467 16.09
3.7773 -3.2155 15.186
3.1828 1.0662 7.3142
4.6085 -2.3225 16.176
-7.884 1.1341 30.439
11.491 -1.227 25.047
-7.6626 1.288 31.087
-10.775 -3.0793 32.932
-11.583 -1.8328 35.402
4.1942 -0.60105 13.412
-10.12 1.4422 24.812
11.337 -5.1421 24.126
8.6911 -4.2657 18.015
8.5457 -3.9479 17.713
-7.6072 0.96098 27.873
-13.748 -1.4129 30.579
-2.207 0.28075 25.926
-9.1654 -2.2132 19.834
-14.409 -3.549 35.328
5.5882 -3.6387 15.642
-8.0241 0.64887 29.551
-8.9726 -2.0344 18.007
-9.7374 -2.3404 18.857
10.562 -2.4619 24.507
3.0525 -0.94907 4.08
11.366 -1.6321 24.849
-9.9037 -1.6983 33.71
-14.243 -2.8766 34.921
2.9665 -0.94628 4.1424
-11.142 -3.2867 32.27
11.529 -3.7955 24.533
5.5944 -2.2126 16.361
11.341 -1.939 24.795
5.747 -1.0348 24.619
9.7933 -1.1724 24.632
2.9925 -0.94985 4.0834
-11.057 -3.3451 19.052
-10.554 -1.2683 17.802
-9.8079 -2.5283 32.916
-7.5315 0.92831 25.881
-14.657 -4.3616 39.58
4.9869 -5 23.008
-11.044 -2.4018 16.567
5.5166 -3.1468 16.133
-11.42 -2.8292 17.06
-10.693 -2.2897 32.138
-9.3488 0.072267 18.658
-14.68 -4.1371 36.618
-15.399 -0.21074 24.372
9.1516 -1.1479 24.843
-14.414 0.58534 35.706
3.8082 0.74299 7.5455
-8.204 0.22155 27.534
4.153 -3.0137 12.879
-7.1452 1.1055 32.064
-14.424 0.060671 24.443
-7.9944 1.5282 30.7
-9.7851 -2.7537 17.799
-9.8971 -0.030523 18.048
-14.774 -0.34761 24.46
3.348 -0.67779 4.053
4.2378 -1.8665 13.256
-14.126 -0.10603 34.4
6.8529 -1.0994 24.532
-15.952 -1.0681 24.598
-10.284 -3.1392 19.757
8.854 -1.9911 18.3
9.1043 -2.3605 18.603
-13.908 0.5677 24.314
-14.834 -1.0789 40.362
-14.707 -4.5417 37.868
-10.017 -2.9022 16.661
5.3375 -1.6646 24.314
3.303 -0.82723 4.0394
4.3411 -0.52165 13.29
-13.868 -0.075461 24.482
8.9006 -1.4518 24.722
-14.511 0.50493 37.097
2.9532 -0.99746 4.1158
-15.08 -1.6821 24.08
-13.574 1.4137 27.627
-14.131 -4.2596 31.825
-14.173 -3.4339 33.715
3.7444 0.5733 7.5226
-14.441 -1.8952 35.649
10.1 -1.9065 24.38
-11.086 1.3949 25.204
-7.8938 1.6848 25.888
-13.849 0.2313 24.509
3.1175 0.13272 8.0959
-2.0061 1.1916 26.129
-14.703 -3.1374 37.454
2.9597 1.097 7.3161
-9.5694 -0.65007 18.532
-14.937 -1.7678 24.337
11.661 -3.2912 25.111
-14.199 -1.0102 34.229
-1.6848 -0.49388 8.8282
3.8725 -2.6209 16.789
-12.626 -2.5634 35.291
-14.213 0.60731 34.149
-13.684 0.53704 24.458
6.9066 -1.7442 24.481
10.323 -2.0261 24.187
-7.8821 0.60929 27.749
10.907 -1.7467 24.517
-7.281 0.67527 30.753
0.91838 -3.4839 17.012
4.4338 -2.0533 16.361
-14.351 0.86013 23.98
-15.343 -0.87875 23.211
3.5374 -0.69878 4.0439
-14.698 -1.5817 40.298
5.5093 -1.3778 24.628
3.099 -0.97035 4.0741
-14.838 -2.1456 39.331
-14.332 -0.010802 35.999
1.5891 -3.1925 17.099
-14.148 -0.48326 24.437
-15.666 -1.4371 24.471
-6.9436 -4.7317 35.352
-14.749 0.042656 39.096
1.5301 -3.6782 15.534
0.97398 -3.6393 16.747
-9.4505 0.20531 39
0.85335 -4.1757 17.132
2.2018 1.3608 11.403
-16.754 -0.76243 25.834
4.6353 -2.1015 16.035
10.012 -1.5356 24.414
10.351 -2.3333 22.909
3.5544 -0.82085 4.0634
-9.4317 -0.21103 18.465
-14.142 -2.9584 33.641
1.4801 -3.3917 16.675
-15.342 -0.51737 24.443
2.1182 -3.773 15.568
-7.4643 1.5413 25.898
-9.3804 -1.3055 17.973
10.82 -1.4283 24.321
-14.63 -0.65499 24.503
-8.5994 0.16587 31.508
-8.0753 1.5552 29.588
-11.274 -2.7576 32.92
-2.0828 1.5581 26.179
3.3021 0.98699 7.3308
-14.46 -2.2657 36.835
3.082 -1.1485 15.514
4.263 -3.5087 14.818
5.2586 -3.1537 15.193
1.8828 -3.3068 15.414
1.8036 -3.9292 15.849
1.0181 -3.8398 16.707
5.3426 -2.9479 16.15
-15.958 -1.3678 24.449
-14.886 -3.7827 37.654
2.8822 -3.6193 16.871
3.1563 0.7619 7.3236
2.0437 -2.7638 15.496
-9.9576 -1.2463 17.493
2.427 -2.5193 15.065
-10.705 -2.8652 17.723
1.3766 -3.8069 15.27
-5.8718 1.5924 17.947
4.9292 -2.61 14.299
6.8777 -1.0561 23.565
0.70412 -4.305 24.326
-11.954 0.89635 24.057
-2.8317 0.72576 26.37
0.57016 -4.9263 24.386
-7.9844 1.3397 25.488
0.16646 -4.7168 24.892
-6.0985 -5.9661 31.954
-0.073564 -3.8988 24.116
6.9469 -1.4118 24.624
11.185 -3.9193 24.454
3.3035 -0.7781 4.0469
-13.789 1.5938 28.799
-6.7981 -4.2275 16.957
-8.6989 0.58881 26.816
11.284 -1.9879 23.732
3.5353 -0.76828 4.0545
-6.4729 -5.103 35.199
-8.6422 0.62176 25.132
2.1222 -2.1531 15.759
1.0281 -3.9974 16.494
1.1677 -4.4691 24.116
-6.8949 -4.1002 17.627
-1.8808 0.74135 26.937
-7.0478 -4.1885 16.99
6.6759 -1.7297 24.762
-6.7593 -4.5529 19.115
0.65804 -4.766 25.152
2.7822 -1.7213 16.025
1.9429 -3.0457 15.727
0.82324 -3.9841 24.858
2.0099 -3.617 15.738
-7.228 -6.7751 29.658
1.9425 -2.7214 16.273
2.2624 1.6243 7.6423
1.6267 1.5531 17.503
1.2473 -3.8736 16.359
-8.6154 -2.1377 19.902
-2.4862 -0.69395 4.3676
-9.6736 0.69837 26.726
-10.677 -3.0301 17.396
3.3515 -0.77748 4.0437
3.7629 1.3159 5.2038
3.4056 0.97723 7.3341
1.919 1.5495 13.961
-5.8651 -5.4575 32.635
1.9824 1.6209 12.978
-14.513 -0.24629 24.537
-5.705 -5.1503 33.29
2.1958 -2.7351 23.627
-2.6158 1.2431 25.691
1.2835 1.467 26.507
-6.8138 -3.0402 18.332
2.8836 -1.0651 25.339
0.90437 -3.4484 24.251
1.9021 1.5111 16.512
-8.9612 -7.1803 31.242
3.4581 -0.59015 4.1102
3.0925 0.99537 7.3174
-10.13 -6.6066 29.458
-6.9699 1.5135 31.277
-8.0231 -3.3857 29.248
-14.917 -1.6621 39.542
-14.484 -1.4214 24.203
-7.2533 -6.7337 31.186
1.6875 -3.2363 15.591
2.3727 -2.18 16.12
-1.446 1.4877 18.833
3.1867 -1.7607 15.394
-6.8199 -4.3045 17.56
1.2321 -3.7148 16.772
-6.5034 -6.0404 30.319
3.2849 -0.60485 15.976
-6.4652 -6.4245 29.947
1.7221 -2.4263 16.118
-8.5084 -7.0424 31.017
1.5305 1.628 11.728
-6.6997 -3.2688 20.219
2.875 -1.9244 16.045
-7.834 -4.5408 18.214
-1.1303 1.5966 14.207
-7.5123 -2.1422 11.223
-9.5198 -6.9678 29.6
-6.8447 -3.2525 19.131
-15.738 -1.0401 24.746
-8.772 -5.283 28.508
-9.5142 -0.86305 18.132
-7.6316 -3.1115 16.665
-7.5047 -3.6108 30.106
6.8266 -2.0573 24.56
-14.352 -0.5362 34.367
-6.4952 -4.673 30.479
-6.8744 1.5522 34.036
-14.13 0.17579 33.392
-8.5799 -5.6967 28.795
-7.7632 0.55649 25.344
-14.188 -1.8062 33.975
-14.229 -2.2531 34.303
-7.0557 -4.52 33.77
-7.6944 -3.9138 29.548
-15.401 -1.4068 24.537
-6.6326 -3.4423 19.605
3.2367 -1.4719 15.742
-6.9423 -5.4671 32.157
-7.1108 -4.7019 30.392
-13.93 0.26117 24.118
-7.7163 -4.6337 28.418
-8.1122 -3.1509 14.499
-5.9601 -6.3112 31.459
-5.1549 1.6922 11.609
-10.049 -3.6636 28.872
-7.5569 -3.4109 13.994
-8.7778 -1.7796 17.715
3.3755 -0.89421 15.984
4.2996 -0.022452 13.276
-8.9338 -6.577 30.265
-6.8444 -4.0937 30.907
-8.8499 -3.529 30.123
-7.1404 -3.6601 30.518
4.1011 -3.4701 13.919
2.6349 0.71691 7.4924
-0.69582 1.6236 9.0627
-14.773 -3.0398 38.872
-7.7827 -3.0369 29.416
-8.0756 -3.8196 29.144
-7.596 -3.1494 14.4
-2.0546 1.6084 14.313
-7.6765 -3.1174 17.343
-1.2152 1.5523 15.545
-9.0077 -4.3286 28.754
-9.8233 -3.5669 29.4
-6.8732 -5.5765 30.092
-8.4581 -6.778 31.801
-14.337 -0.067507 39.917
-6.6997 -4.0638 18.581
2.149 1.4504 13.942
3.0887 0.28654 16.112
-8.9232 -6.8072 29.264
-1.6984 1.5965 13.536
-9.9083 -1.9392 18.784
1.9674 1.4845 15.076
-9.2151 -3.5848 29.547
-14.199 -1.5914 32.486
1.6009 -3.7713 38.609
1.3165 -4.5224 38.15
-6.7432 -5.025 34.332
-8.8002 -4.9197 28.471
0.48254 1.5982 12.94
2.2188 -2.5181 14.933
-0.80938 1.6569 8.0594
0.41753 -4.5574 38.445
-5.4593 1.6903 10.404
-7.6479 -3.3643 17.498
-5.7875 1.5884 19.423
4.8092 -1.8015 15.946
-6.8713 -4.47 18.767
0.26451 -4.9199 24.355
-7.3118 -5.3432 29.497
-8.7699 -6.2448 28.373
1.8509 1.6669 13.199
-7.3542 -6.3117 30.005
-9.2968 0.01975 18.102
2.7413 -0.73797 25.005
-7.9594 -3.3312 16.721
-6.4434 -5.6952 31.683
-7.2673 -4.2437 31.061
-7.7745 -3.5617 29.697
3.5669 1.0832 4.191
-12.444 -3.2039 34.782
-8.89 -5.7841 28.633
-13.544 -0.75549 23.393
-7.4975 -4.452 30.417
-7.5721 -3.2812 30.547
-9.7193 -0.10749 18.329
-7.0455 -2.9063 18.955
-6.8429 -6.0891 30.142
-8.0647 -4.3813 29.104
1.9924 -3.1992 25.212
2.3294 1.4613 13.861
2.8456 -1.4339 25.632
3.1265 -0.96802 15.738
2.6273 0.62377 7.5003
-9.6454 1.2017 24.835
0.82294 -3.9298 16.996
-9.7386 -6.5504 29.391
-6.8258 1.6396 17.388
-15.284 0.093284 24.084
0.016456 1.5857 14.655
3.3808 0.44649 16.223
-6.2017 -5.2603 32.26
-14.479 -0.99484 24.478
0.097777 -3.9613 38.893
-6.6137 -3.7537 17.727
-8.1508 -7.0257 31.134
-7.6483 -4.8149 29.529
-8.0121 -4.5993 28.206
-0.64736 1.6218 7.9969
-8.0693 -5.0124 28.548
-0.15231 1.6106 10.742
-7.2752 -5.0337 29.852
-10.836 -3.3191 17.777
0.82018 1.6292 9.696
3.655 0.77255 7.4261
-13.698 -2.974 31.34
-6.5015 -3.6436 18.68
-7.5263 1.6341 17.33
-0.11477 1.502 25.84
-9.6831 0.32475 18.26
-6.8351 -3.6256 17.35
-9.2231 -3.9407 29.442
-16.342 -0.3156 24.618
3.8783 0.65325 7.6006
-8.1236 -5.9112 29.465
2.828 -1.5334 16.159
-14.737 -0.56135 39.501
-9.0535 -5.3574 28.273
1.9955 1.35 24.392
-1.1228 1.578 38.085
-7.3072 -3.4991 15.043
-6.9822 -3.3868 17.119
-7.3343 -3.6798 14.76
1.1267 -3.4232 38.926
-2.4183 1.5069 37.634
-8.0188 -3.3524 14.586
-7.4645 -3.3508 14.151
-13.623 0.83948 24.349
2.5126 0.69215 7.5634
-7.1732 -5.8488 29.773
-13.697 -0.047687 28.198
0.083223 1.6112 8.7885
-15.643 -0.31123 24.277
0.17584 1.6329 7.9968
2.427 -2.4808 16.035
3.505 0.8709 4.1797
1.3557 1.6207 23.882
-0.50655 -4.6406 39.611
2.1259 1.5529 12.863
3.1633 -2.0378 15.385
-7.6532 -2.1579 11.223
-7.8522 -5.4395 28.918
-7.4045 -3.6178 15.646
-14.179 0.6001 24.256
-6.6959 -3.3898 18.571
-6.9992 -5.1359 30.458
-14.681 -0.43514 38.074
-1.8889 1.6248 12.322
-3.9305 1.5684 29.071
-8.2362 -4.0832 28.438
0.64815 1.6249 12.324
3.1087 0.53267 16.1
1.9608 -2.9055 25.718
-13.502 -0.091432 29.664
-8.0953 -4.5635 30.597
-5.4314 1.6009 12.271
-1.7242 1.5665 25.718
-14.188 -0.19097 32.564
0.62902 1.5778 14.216
2.8035 0.13129 24.94
2.2603 1.644 7.2599
-6.3449 -6.8045 29.969
2.544 1.1303 15.393
-0.78683 1.6098 10.837
2.7793 -1.3293 16.137
-14.772 -1.5293 37.629
-7.3891 -5.7678 29.154
-8.8798 -6.7395 31.415
9.7851 -1.4796 24.611
-6.3828 -6.2959 31.601
-9.868 -2.1662 18.274
-6.8683 -3.2472 18.206
3.9971 -3.2151 12.896
-6.576 -3.5592 20.271
2.0505 1.6398 6.862
-0.27683 -4.9693 38.322
-10.195 -0.6582 33.284
2.6915 1.3417 24.244
1.7128 1.3338 24.721
-9.3292 -5.9551 28.883
-13.411 1.7645 21.95
14.845 -1.8644 26.168
2.9957 1.136 5.242
-9.603 -0.36192 18.301
3.636 0.65923 7.4296
-14.854 -1.4616 24.312
-0.49296 1.6064 7.509
2.9182 0.87341 25.333
-8.5584 -3.5601 15.035
0.063196 1.6065 11.932
-1.5267 1.6403 6.4865
-6.288 1.4233 19.384
2.0717 1.3942 16.222
0.45322 1.5371 17.323
2.214 -1.964 16.966
3.6472 1.3345 5.2773
-8.0969 0.64292 31.261
2.1396 -2.6453 16.223
2.5693 -1.8906 15.948
2.6504 0.8131 7.419
3.4567 0.98671 4.129
2.554 0.7834 7.5304
-7.4662 -4.0211 16.404
1.282 -2.935 40.406
-14.312 -0.55316 35.454
-5.5696 1.384 11.734
-1.0787 1.6267 6.2942
3.8067 1.2472 4.9592
-8.3033 -5.2129 28.13
0.91349 1.6246 30.112
-7.8573 -3.5433 16.41
0.47718 1.6363 11.908
-7.9981 -3.5463 14.225
3.1439 -1.4237 25.448
0.94582 1.6119 9.212
-9.0413 -3.1311 29.925
-7.5777 -2.8441 12.375
2.4721 1.5759 7.3189
-4.229 1.5559 20.795
-6.6954 -5.7904 31.013
-0.75228 1.5913 8.4243
0.69141 1.6387 9.5937
-9.6878 1.1636 18.269
3.0424 -1.7557 16.345
-13.554 1.4454 29.871
2.6743 1.5838 7.1252
-5.7603 1.5734 18.307
